64 64
0.524809 0.403797 0.215635 0.62019 0.691676 0.600152 0.355975 0.707884 0.933789 0.989631 0.492058 0.19882 0.280387 0.0881726 0.928995 0.0186804 0.373305 0.262071 0.281633 0.54336 0.797119 0.0109935 0.461223 0.902957 0.484435 0.769893 0.929598 0.530927 0.857687 0.202841 0.840405 0.970021 0.946815 0.0778695 0.0966548 0.0745794 0.807355 0.442165 0.53323 0.730354 0.858947 0.683036 0.661089 0.0457261 0.851184 0.0435162 0.645495 0.531655 0.720371 0.0997163 0.943107 0.497237 0.00642062 0.175179 0.148118 0.0957411 0.869104 0.0167867 0.950319 0.997352 0.176195 0.987876 0.0181799 0.903743 
0.255493 0.707403 0.813653 0.446415 0.451303 0.0533143 0.1696 0.585058 0.196831 0.0570865 0.0328336 0.48882 0.848395 0.36464 0.820791 0.753598 0.413139 0.163877 0.0687218 0.903897 0.446102 0.848369 0.303748 0.21903 0.0603544 0.715403 0.781211 0.0840567 0.825296 0.404055 0.188505 0.861944 0.536453 0.797985 0.304295 0.796523 0.660923 0.44443 0.397947 0.217293 0.434014 0.772072 0.308414 0.531454 0.884094 0.268931 0.309935 0.815796 0.834994 0.942721 0.747577 0.0474369 0.305155 0.622393 0.338461 0.56877 0.506738 0.265032 0.682821 0.157469 0.492256 0.336039 0.444061 0.43761 
0.318174 0.673877 0.267408 0.660663 0.00176149 0.68045 0.352051 0.171713 0.284114 0.00858789 0.630836 0.882325 0.0951618 0.726402 0.46094 0.171722 0.33538 0.71475 0.372867 0.431391 0.610439 0.870159 0.900808 0.174121 0.289609 0.165049 0.331355 0.857991 0.0453868 0.988813 0.115891 0.0450493 0.292157 0.163917 0.851608 0.953423 0.584119 0.830142 0.0777621 0.0248976 0.929952 0.878103 0.352101 0.152569 0.702992 0.669435 0.677219 0.000543291 0.560993 0.212505 0.124276 0.342007 0.60911 0.251208 0.615592 0.474868 0.576734 0.754285 0.544608 0.546932 0.189194 0.457504 0.129706 0.439905 
0.914021 0.80355 0.254635 0.0110563 0.590149 0.695888 0.00647712 0.881141 0.322675 0.576534 0.428255 0.145341 0.950795 0.216965 0.100316 0.595122 0.0629433 0.0189728 0.0899749 0.766441 0.73745 0.542092 0.987101 0.806179 0.74086 0.997903 0.0358987 0.346544 0.568415 0.291054 0.451991 0.136349 0.861265 0.0822843 0.0306842 0.482791 0.322596 0.958522 0.347268 0.519922 0.690245 0.484533 0.866387 0.538605 0.105329 0.439503 0.84972 0.696855 0.54958 0.224391 0.138808 0.362865 0.113068 0.673369 0.0517861 0.873732 0.961372 0.562489 0.680243 0.881887 0.653303 0.937745 0.39985 0.274855 
0.841577 0.904317 0.539996 0.147795 0.787514 0.956173 0.63689 0.0863827 0.716207 0.876699 0.911911 0.993913 0.843137 0.963056 0.899664 0.900658 0.736125 0.317058 0.50921 0.875737 0.229042 0.363754 0.377982 0.316612 0.312676 0.61626 0.733693 0.844507 0.427095 0.875563 0.106036 0.841038 0.122998 0.834889 0.00701712 0.538299 0.701008 0.377667 0.681267 0.101788 0.91036 0.755047 0.992873 0.462025 0.80596 0.797182 0.481428 0.213403 0.17968 0.419711 0.388397 0.521336 0.326813 0.189296 0.948642 0.464912 0.519121 0.9864 0.397628 0.0322649 0.838773 0.786127 0.696311 0.968067 
0.547777 0.807276 0.603068 0.158126 0.769813 0.74951 0.569027 0.449324 0.290265 0.747026 0.102668 0.832612 0.8521 0.113702 0.324976 0.381693 0.240576 0.0628518 0.00225807 0.0160403 0.757221 0.0320467 0.528898 0.444643 0.629511 0.2904 0.15737 0.938124 0.327795 0.676925 0.585754 0.00227129 0.312775 0.0857171 0.789144 0.260946 0.426771 0.769597 0.230545 0.49343 0.561607 0.390421 0.792239 0.396904 0.0698927 0.645448 0.146424 0.628745 0.482519 0.465561 0.535272 0.1858 0.755482 0.838688 0.694165 0.902297 0.0259742 0.471896 0.0294969 0.903154 0.597705 0.0256374 0.651047 0.346184 
0.748556 0.869597 0.722326 0.138176 0.840862 0.914434 0.0712338 0.53379 0.354348 0.225957 0.384229 0.985589 0.0552229 0.425857 0.0276167 0.272025 0.928057 0.200092 0.939116 0.00638411 0.528319 0.586732 0.0649616 0.569913 0.57215 0.0525628 0.477143 0.875159 0.576363 0.917663 0.102373 0.20898 0.31726 0.815705 0.154671 0.267356 0.0808669 0.669076 0.660474 0.189132 0.748933 0.791276 0.329637 0.460922 0.0759424 0.796295 0.853195 0.726937 0.40516 0.955449 0.447117 0.349637 0.395896 0.683646 0.178707 0.75343 0.634104 0.447426 0.30295 0.678152 0.857139 0.816537 0.272221 0.679206 
0.664065 0.933037 0.258257 0.359386 0.957733 0.849863 0.749134 0.225121 0.229142 0.971909 0.882824 0.910364 0.303726 0.660546 0.0467783 0.384532 0.377858 0.109588 0.852551 0.658001 0.764671 0.0308203 0.740296 0.430606 0.77093 0.21372 0.717206 0.78049 0.514663 0.0418109 0.820913 0.95983 0.398158 0.618289 0.929696 0.827585 0.116086 0.762862 0.615303 0.94085 0.473179 0.577158 0.943759 0.00478136 0.732017 0.402033 0.22542 0.700982 0.500252 0.743029 0.576258 0.21156 0.926865 0.955909 0.199775 0.691184 0.698659 0.157177 0.499611 0.648534 0.56527 0.823844 0.470797 0.768376 
0.346958 0.775074 0.6001 0.722902 0.407984 0.979385 0.446291 0.0874453 0.130327 0.0629384 0.946128 0.259806 0.455531 0.864779 0.0844417 0.115246 0.901249 0.595672 0.00302307 0.0436427 0.111881 0.499571 0.352976 0.967109 0.762754 0.357474 0.693339 0.333351 0.150307 0.619701 0.712569 0.145086 0.669241 0.806504 0.75923 0.704156 0.736877 0.778407 0.23464 0.782714 0.874984 0.384477 0.0854492 0.945918 0.158281 0.15146 0.210701 0.271494 0.641488 0.097354 0.194103 0.167277 0.748184 0.618081 0.383652 0.707083 0.252208 0.116271 0.977357 0.61191 0.10349 0.128976 0.939903 0.631054 
0.231733 0.0872234 0.556949 0.870581 0.622751 0.0730038 0.0899549 0.119814 0.955586 0.718614 0.565771 0.69339 0.150274 0.714708 0.518333 0.524128 0.225796 0.116138 0.472401 0.336347 0.673615 0.77679 0.0345365 0.179007 0.243078 0.208363 0.829205 0.670143 0.819244 0.430395 0.839678 0.724118 0.168607 0.891344 0.852847 0.80573 0.0646734 0.865563 0.210199 0.147885 0.680121 0.242596 0.190069 0.466456 0.544106 0.204455 0.454975 0.653301 0.740704 0.685355 0.483818 0.455908 0.0829561 0.0886205 0.788284 0.674668 0.833082 0.650235 0.91366 0.686179 0.7289 0.762429 0.563102 0.599398 
0.281217 0.61906 0.627361 0.0969028 0.764569 0.491671 0.808908 0.757975 0.934222 0.382597 0.694495 0.187416 0.509064 0.662842 0.312595 0.332594 0.081232 0.96266 0.877188 0.148775 0.705298 0.631668 0.838397 0.43136 0.0492783 0.0893149 0.891296 0.145441 0.0777167 0.302209 0.710504 0.704256 0.404022 0.656 0.571466 0.171527 0.783819 0.0525008 0.400741 0.85972 0.00606897 0.713412 0.233178 0.570399 0.128006 0.834051 0.20824 0.196557 0.378375 0.710986 0.013319 0.772645 0.386687 0.62477 0.270212 0.0788941 0.869109 0.23837 0.461722 0.651141 0.308336 0.186088 0.104365 0.584804 
0.00517254 0.946953 0.485121 0.808207 0.186572 0.702069 0.99749 0.140172 0.18975 0.658838 0.870783 0.288087 0.228253 0.439053 0.534675 0.846217 0.118041 0.0970239 0.718912 0.202171 0.218557 0.628187 0.289604 0.512264 0.178794 0.368647 0.37784 0.903564 0.96213 0.557351 0.199872 0.610945 0.672972 0.154963 0.00431532 0.338401 0.661973 0.427849 0.579725 0.373911 0.969566 0.838172 0.606659 0.561911 0.309266 0.0365238 0.667104 0.446638 0.915003 0.119657 0.297649 0.518009 0.856122 0.990588 0.59279 0.247304 0.57567 0.564276 0.391236 0.273184 0.749869 0.207555 0.937399 0.958422 
0.887348 0.569854 0.373568 0.00654156 0.736694 0.661937 0.584951 0.231497 0.530565 0.849882 0.0886211 0.698367 0.00178458 0.562977 0.665037 0.861932 0.168111 0.90647 0.749072 0.415665 0.954038 0.381809 0.319974 0.552242 0.922078 0.658211 0.795564 0.566964 0.12096 0.0745652 0.368231 0.406 0.759625 0.0716664 0.319454 0.352024 0.590312 0.158104 0.552323 0.115464 0.152267 0.315938 0.184183 0.532418 0.936939 0.977406 0.0798788 0.0117406 0.515485 0.420012 0.965838 0.898308 0.399179 0.291997 0.339463 0.254076 0.781385 0.972214 0.833364 0.625296 0.426168 0.752015 0.14732 0.664169 
0.462281 0.198516 0.63624 0.30561 0.91645 0.429271 0.130647 0.340203 0.0736552 0.42863 0.744182 0.716883 0.127978 0.715251 0.607172 0.0337465 0.6562 0.881696 0.417784 0.977413 0.358576 0.254127 0.586792 0.818082 0.801295 0.226146 0.8131 0.710002 0.896646 0.352074 0.397661 0.0478489 0.230469 0.0106107 0.331741 0.0892718 0.593904 0.995232 0.780609 0.397966 0.348411 0.957406 0.73495 0.363707 0.199328 0.410239 0.341058 0.107934 0.687967 0.92564 0.804327 0.88775 0.405788 0.697604 0.171985 0.928303 0.375513 0.584234 0.410944 0.922235 0.922124 0.970722 0.28834 0.417089 
0.0690302 0.331639 0.752845 0.859611 0.31897 0.179232 0.0392224 0.409787 0.365497 0.778851 0.0832269 0.28382 0.5869 0.144628 0.916786 0.999815 0.438114 0.855941 0.257189 0.986195 0.126426 0.910188 0.428651 0.85817 0.782693 0.466268 0.0964577 0.660148 0.349756 0.779856 0.841814 0.379981 0.383024 0.506297 0.626223 0.132189 0.448655 0.991739 0.409479 0.247244 0.737285 0.717051 0.778347 0.786628 0.631777 0.288361 0.00511328 0.131665 0.77938 0.0939508 0.459135 0.297656 0.427343 0.734594 0.0281105 0.92823 0.0501617 0.546037 0.439466 0.702596 0.703357 0.755258 0.330871 0.430334 
0.166511 0.186374 0.870262 0.578112 0.345153 0.147777 0.281875 0.615958 0.0533796 0.532767 0.207828 0.327695 0.937498 0.150811 0.811356 0.162204 0.752523 0.650308 0.952895 0.462165 0.00959458 0.310703 0.306473 0.0833273 0.308604 0.801244 0.0626376 0.214761 0.566088 0.663634 0.397946 0.976177 0.200509 0.720208 0.6229 0.790002 0.33061 0.501517 0.743323 0.212125 0.613353 0.639531 0.445557 0.56334 0.545347 0.961333 0.532197 0.620458 0.53665 0.284288 0.789052 0.367827 0.554591 0.518944 0.712275 0.206051 0.196986 0.610539 0.442767 0.151732 0.838005 0.438271 0.679117 0.752699 
0.350501 0.277889 0.569518 0.546981 0.568128 0.665503 0.0966227 0.830947 0.804966 0.717385 0.969017 0.978592 0.230631 0.204589 0.777537 0.0437615 0.724377 0.408525 0.0274464 0.894362 0.244628 0.466262 0.501568 0.779033 0.360574 0.361776 0.216189 0.247309 0.377228 0.229164 0.56505 0.379214 0.570253 0.191086 0.105555 0.0384797 0.946496 0.348753 0.709057 0.557308 0.129396 0.0286959 0.96202 0.142858 0.287893 0.813357 0.403118 0.642904 0.731712 0.861988 0.151842 0.187458 0.631213 0.731054 0.795541 0.898004 0.399719 0.977799 0.0441453 0.129837 0.971644 0.458635 0.883195 0.818219 
0.368235 0.176546 0.214233 0.266889 0.0261358 0.945218 0.695014 0.468038 0.251644 0.53051 0.370023 0.837985 0.0522984 0.955912 0.90793 0.87324 0.00616388 0.427786 0.22962 0.934215 0.496542 0.129774 0.36594 0.763101 0.238006 0.854368 0.287786 0.693271 0.875036 0.322689 0.0973364 0.756103 0.461465 0.120981 0.632562 0.769894 0.415211 0.124783 0.0866095 0.499067 0.773062 0.0914893 0.400137 0.541354 0.732853 0.587287 0.336734 0.949106 0.380033 0.853312 0.888079 0.792025 0.60568 0.257926 0.745559 0.860642 0.219881 0.0921839 0.519217 0.620723 0.448236 0.636314 0.679658 0.607291 
0.00152398 0.240116 0.749432 0.121875 0.399562 0.390991 0.202377 0.941285 0.548093 0.327978 0.454513 0.37015 0.834237 0.919112 0.951214 0.280927 0.25393 0.798733 0.647695 0.709246 0.586387 0.982927 0.693533 0.493824 0.630028 0.32548 0.604827 0.56519 0.753972 0.340654 0.586856 0.669973 0.90979 0.889209 0.0364553 0.706606 0.447789 0.50252 0.339533 0.08611 0.748104 0.637936 0.94968 0.847289 0.486701 0.455592 0.187858 0.525752 0.58132 0.0913839 0.966753 0.873397 0.896466 0.508249 0.946558 0.119436 0.555649 0.355825 0.175679 0.819085 0.656079 0.807873 0.866217 0.588811 
0.589278 0.777488 0.665722 0.361616 0.793876 0.497547 0.22758 0.388981 0.868723 0.336833 0.375268 0.209395 0.041487 0.816075 0.551676 0.977295 0.144593 0.853982 0.0802261 0.314698 0.549534 0.305245 0.748805 0.747091 0.88099 0.862178 0.892613 0.776885 0.805108 0.255877 0.17508 0.335368 0.81752 0.66854 0.787874 0.947398 0.70034 0.878492 0.574226 0.696204 0.80489 0.980497 0.547281 0.0405723 0.577373 0.0689253 0.514954 0.199175 0.275255 0.0313223 0.108711 0.462571 0.317724 0.0132261 0.816804 0.522779 0.416414 0.267351 0.319322 0.0942767 0.714691 0.967266 0.898374 0.568772 
0.318523 0.830934 0.452805 0.247402 0.603617 0.77532 0.401854 0.786415 0.377286 0.00374582 0.216034 0.692557 0.224318 0.718171 0.340344 0.997628 0.56809 0.729186 0.67421 0.144274 0.965642 0.329168 0.271505 0.603596 0.12807 0.874385 0.658531 0.627196 0.303989 0.28687 0.00934335 0.314415 0.399404 0.322752 0.206881 0.638698 0.180116 0.212696 0.769305 0.433666 0.415773 0.196599 0.976961 0.438621 0.68465 0.929944 0.54186 0.37319 0.990719 0.164949 0.409385 0.288916 0.0127315 0.212426 0.678221 0.474209 0.573948 0.503342 0.0218312 0.680122 0.401707 0.93788 0.160678 0.363094 
0.150362 0.141723 0.660881 0.413769 0.362316 0.821927 0.607105 0.147669 0.644215 0.146745 0.751035 0.34868 0.443423 0.246757 0.0671302 0.151749 0.88624 0.683825 0.67725 0.0917448 0.94905 0.46421 0.212306 0.378954 0.297123 0.795352 0.384295 0.63314 0.576521 0.711681 0.774935 0.0970597 0.530865 0.302158 0.252054 0.369989 0.653738 0.473135 0.102762 0.628601 0.789716 0.56395 0.271391 0.22494 0.910096 0.100535 0.546269 0.957048 0.666176 0.27152 0.842946 0.944795 0.73926 0.466334 0.656571 0.821124 0.291997 0.274646 0.634899 0.74391 0.328082 0.605171 0.629236 0.477637 
0.500663 0.713611 0.71052 0.144129 0.446187 0.493902 0.655023 0.627902 0.446186 0.912443 0.813564 0.924906 0.401033 0.965118 0.757847 0.793737 0.583171 0.313844 0.0362481 0.31438 0.761576 0.462714 0.376581 0.664356 0.9187 0.337998 0.129401 0.625463 0.925525 0.558461 0.95866 0.531172 0.380788 0.308366 0.702799 0.347579 0.470563 0.417128 0.748993 0.677656 0.83382 0.702091 0.447415 0.855395 0.560605 0.431137 0.97156 0.552866 0.397389 0.931677 0.55768 0.929213 0.466741 0.0935468 0.231585 0.282751 0.14817 0.751805 0.29882 0.915688 0.153804 0.310834 0.0157661 0.694758 
0.964774 0.663213 0.0933388 0.139868 0.560158 0.038019 0.477888 0.708218 0.432619 0.431951 0.384345 0.508513 0.649714 0.805235 0.732081 0.657305 0.692599 0.709954 0.857171 0.91799 0.155396 0.661577 0.459923 0.37592 0.152113 0.625025 0.885562 0.176889 0.439614 0.92014 0.692375 0.191531 0.918823 0.957917 0.792918 0.418469 0.818383 0.429393 0.76067 0.992519 0.529089 0.396658 0.733915 0.301033 0.404415 0.316 0.0460523 0.296048 0.381293 0.813545 0.125281 0.920206 0.664424 0.579319 0.463148 0.600675 0.356246 0.0226344 0.647431 0.14698 0.537631 0.647781 0.0897274 0.374525 
0.543238 0.260292 0.328783 0.618072 0.00347327 0.650461 0.244965 0.586922 0.99882 0.586673 0.737665 0.796708 0.15214 0.118992 0.196239 0.169285 0.0656097 0.551922 0.964984 0.552907 0.590151 0.498967 0.31222 0.660344 0.714689 0.135779 0.576087 0.218827 0.417529 0.753366 0.395381 0.593761 0.518059 0.460087 0.799641 0.389822 0.137611 0.141453 0.587007 0.556218 0.796277 0.464992 0.315312 0.588856 0.0868642 0.188047 0.249803 0.567335 0.612157 0.7363 0.727275 0.543722 0.282176 0.672504 0.942646 0.0779963 0.682225 0.467983 0.39618 0.693786 0.715249 0.763207 0.467027 0.324977 
0.594704 0.202475 0.389105 0.0664372 0.6175 0.7785 0.671724 0.237851 0.25204 0.502343 0.780115 0.930218 0.673102 0.805099 0.277791 0.298901 0.316289 0.765222 0.162107 0.0281487 0.185354 0.292525 0.703841 0.525339 0.940381 0.102197 0.853633 0.204516 0.272241 0.918456 0.41335 0.00172123 0.881227 0.69022 0.589355 0.916904 0.221996 0.0460141 0.542626 0.795259 0.402036 0.348735 0.344143 0.330409 0.455909 0.350805 0.761224 0.109776 0.896906 0.329266 0.433352 0.929115 0.0265635 0.484594 0.464601 0.724158 0.313695 0.79103 0.91036 0.892641 0.00234219 0.439539 0.309311 0.587635 
0.315685 0.01466 0.815651 0.952222 0.352604 0.897982 0.860828 0.0163383 0.143322 0.901241 0.222692 0.167471 0.635776 0.879127 0.945189 0.735558 0.566184 0.849407 0.923999 0.564989 0.0416888 0.842423 0.239876 0.687346 0.471417 0.932612 0.739529 0.283637 0.667562 0.698989 0.899465 0.173228 0.776579 0.494742 0.350002 0.606369 0.992574 0.738152 0.051434 0.106887 0.127863 0.672818 0.197598 0.596055 0.886707 0.728081 0.267298 0.194282 0.42178 0.306129 0.130839 0.164046 0.111313 0.6166 0.750697 0.00168878 0.80358 0.14302 0.828005 0.277747 0.756246 0.615172 0.0666988 0.995983 
0.0883967 0.913889 0.474767 0.0605819 0.4847 0.133306 0.734909 0.4041 0.291028 0.822167 0.208751 0.486731 0.842873 0.280043 0.582032 0.641487 0.186387 0.905862 0.896858 0.377071 0.251478 0.346194 0.17391 0.0240375 0.33799 0.890142 0.167224 0.42242 0.559398 0.222232 0.81222 0.209621 0.400321 0.467867 0.29797 0.617503 0.817443 0.668965 0.0534829 0.459408 0.460128 0.680152 0.606772 0.83735 0.0772019 0.849325 0.642183 0.493742 0.427297 0.971507 0.116595 0.465617 0.702864 0.550831 0.638394 0.917117 0.93817 0.366602 0.0577084 0.97861 0.455936 0.30661 0.505788 0.248658 
0.250916 0.885941 0.291276 0.245615 0.173528 0.322265 0.750897 0.242043 0.0814921 0.3829 0.457469 0.989045 0.10786 0.888653 0.684557 0.0225856 0.568263 0.744078 0.51524 0.755337 0.233236 0.923562 0.534492 0.163762 0.20753 0.395169 0.310591 0.495388 0.746664 0.520315 0.101699 0.0023342 0.381394 0.779186 0.669111 0.0195165 0.808164 0.575199 0.178072 0.935855 0.0497786 0.0677177 0.289736 0.0368549 0.289204 0.194199 0.191752 0.908663 0.518076 0.633947 0.080943 0.113499 0.0178752 0.661686 0.539409 0.674145 0.815918 0.165042 0.379483 0.890091 0.65424 0.401203 0.610221 0.497529 
0.681943 0.701375 0.840656 0.900654 0.318228 0.662537 0.377303 0.0779524 0.474262 0.511739 0.978995 0.559872 0.151759 0.393897 0.914187 0.349157 0.374935 0.736002 0.622288 0.655492 0.245685 0.146541 0.589334 0.352365 0.886742 0.702516 0.784832 0.64222 0.733428 0.800925 0.320758 0.0749737 0.955307 0.716631 0.180339 0.133205 0.442503 0.578339 0.319462 0.572366 0.793225 0.973109 0.110604 0.0206884 0.748518 0.830617 0.347106 0.179507 0.38099 0.262316 0.542856 0.292717 0.639763 0.501501 0.937509 0.69587 0.800683 0.0810689 0.506274 0.373938 0.698703 0.611151 0.854587 0.848634 
0.500081 0.0125532 0.334322 0.309266 0.250925 0.292236 0.81803 0.0717611 0.270169 0.278867 0.937053 0.646449 0.882042 0.739395 0.316613 0.975908 0.459306 0.169646 0.547683 0.668582 0.288596 0.833775 0.613853 0.938942 0.264578 0.520958 0.960721 0.646873 0.195908 0.829525 0.571137 0.444534 0.0312244 0.186394 0.0260298 0.107813 0.59019 0.928526 0.966485 0.171681 0.773006 0.491772 0.228459 0.939494 0.109837 0.23085 0.512324 0.720906 0.949279 0.160819 0.743932 0.115527 0.563651 0.0745731 0.560142 0.126249 0.966928 0.457907 0.469052 0.887137 0.0400768 0.336414 0.0373863 0.977741 
0.855267 0.67424 0.567539 0.721491 0.584317 0.393693 0.922904 0.573265 0.884137 0.880293 0.880077 0.276087 0.152132 0.358674 0.738353 0.10874 0.0573226 0.0118259 0.367267 0.833071 0.545146 0.223573 0.73871 0.757517 0.906323 0.689201 0.0994635 0.981945 0.00781913 0.139434 0.554 0.289509 0.156715 0.743363 0.792387 0.793288 0.568255 0.958008 0.713286 0.0799223 0.752892 0.282209 0.919931 0.780518 0.778989 0.90158 0.832895 0.102321 0.267228 0.604217 0.473817 0.264875 0.341745 0.703876 0.830091 0.095826 0.540015 0.0698776 0.121351 0.576089 0.569115 0.478572 0.305079 0.285285 
0.650279 0.141389 0.67875 0.255951 0.846621 0.557008 0.602469 0.992485 0.397126 0.474831 0.841117 0.138619 0.689794 0.216539 0.000865225 0.60392 0.181307 0.576416 0.0807093 0.195575 0.301419 0.744884 0.571924 0.757242 0.252998 0.0322418 0.301098 0.235957 0.380445 0.845294 0.854638 0.831633 0.185836 0.619876 0.631319 0.924863 0.956255 0.852392 0.75813 0.29296 0.427132 0.280032 0.972046 0.255037 0.79185 0.738102 0.915222 0.394221 0.788033 0.25617 0.0604256 0.767619 0.00381905 0.296236 0.0198298 0.528496 0.697122 0.618043 0.688565 0.207421 0.813338 0.785014 0.488841 0.681957 
0.795361 0.990947 0.0782617 0.121101 0.945943 0.343311 0.0928023 0.738308 0.920547 0.16234 0.361065 0.216661 0.649389 0.0440097 0.134256 0.722713 0.497763 0.351327 0.787761 0.490496 0.476761 0.865546 0.830299 0.489692 0.957951 0.695774 0.0151917 0.527808 0.656525 0.981201 0.557471 0.285935 0.42032 0.996048 0.37814 0.541656 0.825979 0.0914286 0.899728 0.798987 0.280515 0.249096 0.870945 0.489671 0.649835 0.874565 0.221741 0.20134 0.704918 0.645541 0.713471 0.992275 0.0762831 0.245344 0.438804 0.952368 0.430263 0.475558 0.721397 0.777582 0.956931 0.826255 0.196851 0.377502 
0.312843 0.247882 0.530987 0.976729 0.443625 0.888916 0.216646 0.968317 0.141093 0.694871 0.50239 0.0337455 0.682855 0.432788 0.347457 0.355744 0.0818355 0.918711 0.0453715 0.923579 0.47454 0.30743 0.50639 0.0462821 0.0614553 0.555301 0.945786 0.825756 0.58987 0.66965 0.301494 0.495704 0.55756 0.901789 0.242804 0.979316 0.976756 0.0788698 0.670186 0.415454 0.0815108 0.526375 0.754338 0.588458 0.296431 0.953018 0.665834 0.655722 0.913284 0.97505 0.960176 0.888096 0.0786966 0.337932 0.37677 0.787828 0.547239 0.930461 0.857657 0.56984 0.427005 0.840536 0.802934 0.722497 
0.0105329 0.130194 0.825928 0.770955 0.389573 0.827042 0.919855 0.203693 0.446075 0.570634 0.259408 0.239277 0.853058 0.390193 0.299946 0.881788 0.886222 0.372669 0.742886 0.486342 0.501931 0.104713 0.123006 0.320502 0.799043 0.0290007 0.49268 0.766075 0.753964 0.955245 0.720852 0.111272 0.601791 0.0683423 0.843303 0.792093 0.0433199 0.523441 0.565904 0.00398406 0.492121 0.520973 0.756774 0.263902 0.866146 0.251276 0.439939 0.459256 0.829682 0.589244 0.0199464 0.922512 0.494676 0.453146 0.104501 0.931046 0.704079 0.0460953 0.702348 0.405062 0.850912 0.135713 0.0501902 0.39359 
0.297908 0.52108 0.176683 0.300739 0.987067 0.0530157 0.0625549 0.743791 0.364386 0.034101 0.358211 0.882307 0.767116 0.427303 0.34355 0.709503 0.110452 0.0898156 0.925709 0.163779 0.018146 0.139667 0.00355131 0.665396 0.0848271 0.175139 0.0398121 0.188628 0.200943 0.907999 0.247419 0.0895253 0.714981 0.644274 0.310073 0.182909 0.227775 0.00361716 0.441182 0.395038 0.749036 0.116504 0.526283 0.970801 0.206865 0.581374 0.583032 0.874538 0.824299 0.877559 0.619758 0.816019 0.107918 0.377094 0.864285 0.559288 0.86363 0.835431 0.350203 0.182209 0.89335 0.915839 0.0490923 0.1012 
0.285945 0.513619 0.330345 0.213881 0.182568 0.0942781 0.0523164 0.0824333 0.326127 0.828755 0.973096 0.173721 0.884494 0.308896 0.691788 0.148527 0.396725 0.710436 0.339569 0.672991 0.607958 0.783123 0.986731 0.844411 0.0171362 0.253355 0.694089 0.39137 0.330142 0.0995117 0.578518 0.877978 0.35504 0.365589 0.645877 0.580795 0.214453 0.453418 0.488038 0.933879 0.346632 0.895957 0.820172 0.502079 0.125516 0.251272 0.77003 0.247261 0.508538 0.17567 0.255218 0.930628 0.632054 0.491968 0.748402 0.693457 0.259175 0.466199 0.118861 0.865517 0.642095 0.551194 0.189946 0.795662 
0.704312 0.844772 0.370209 0.680336 0.517331 0.586798 0.0287865 0.859674 0.114669 0.970207 0.0170829 0.159152 0.523464 0.0571905 0.753491 0.659998 0.471294 0.662223 0.865352 0.0552401 0.352472 0.0915909 0.441936 0.932927 0.82278 0.857441 0.0558353 0.0974528 0.0731013 0.0946462 0.992814 0.495964 0.920124 0.0596552 0.671772 0.529674 0.312465 0.608297 0.59349 0.741875 0.288405 0.287755 0.710886 0.834569 0.518282 0.14274 0.0173318 0.329232 0.414164 0.566353 0.221076 0.314809 0.812454 0.199235 0.663307 0.749439 0.669553 0.982615 0.420694 0.329747 0.879355 0.730797 0.983951 0.152905 
0.878675 0.148699 0.848765 0.3569 0.703289 0.918816 0.937906 0.272403 0.332331 0.714708 0.387146 0.82713 0.275383 0.594738 0.455808 0.310564 0.363259 0.0623049 0.10147 0.361348 0.014008 0.519804 0.981594 0.876386 0.84874 0.299498 0.749401 0.113198 0.971417 0.631953 0.327777 0.84162 0.890064 0.54572 0.279808 0.780334 0.795191 0.0514869 0.806376 0.158168 0.956599 0.396043 0.26461 0.7082 0.577755 0.0722982 0.568158 0.338452 0.883282 0.751942 0.72686 0.242758 0.518884 0.324399 0.244195 0.386471 0.286917 0.239819 0.859 0.104932 0.589283 0.345488 0.681707 0.694576 
0.306864 0.618539 0.833845 0.142797 0.634489 0.742371 0.0328254 0.302352 0.966846 0.250086 0.87021 0.000998195 0.0825705 0.466294 0.308058 0.381805 0.0762078 0.667259 0.220771 0.00746462 0.491394 0.550244 0.997781 0.240477 0.468513 0.548626 0.743445 0.0950351 0.18092 0.251947 0.494114 0.487274 0.369195 0.0534224 0.772309 0.942567 0.226615 0.577958 0.503229 0.708837 0.335144 0.39619 0.786528 0.221776 0.404452 0.969086 0.690347 0.757565 0.666207 0.768033 0.0911725 0.55565 0.0874613 0.171576 0.787825 0.888699 0.701133 0.939706 0.615955 0.345708 0.686639 0.884123 0.343186 0.536947 
0.880054 0.345862 0.990592 0.157243 0.187234 0.707205 0.336967 0.379174 0.202671 0.125555 0.863775 0.859266 0.726045 0.473199 0.440055 0.877376 0.083066 0.530926 0.866808 0.777586 0.017435 0.63444 0.690985 0.396622 0.0239399 0.674053 0.950427 0.382087 0.606808 0.693316 0.314073 0.675217 0.535594 0.977699 0.144135 0.0762267 0.242575 0.912129 0.415099 0.072764 0.827577 0.715265 0.165887 0.958675 0.422081 0.783391 0.670221 0.111492 0.839362 0.555698 0.43153 0.95556 0.00911366 0.582396 0.58712 0.0706681 0.227442 0.0429327 0.0935573 0.874556 0.437477 0.0276337 0.607766 0.181038 
0.421327 0.447594 0.46483 0.259168 0.617524 0.414865 0.513017 0.500607 0.0989006 0.79239 0.839892 0.904204 0.476105 0.91708 0.86265 0.471372 0.00591438 0.73796 0.292662 0.620427 0.749645 0.363129 0.0543496 0.025709 0.784933 0.913411 0.460013 0.412179 0.239633 0.77868 0.555783 0.505846 0.360759 0.277142 0.427657 0.299038 0.955557 0.17258 0.491003 0.234088 0.352505 0.351871 0.461023 0.63465 0.890431 0.485276 0.661479 0.358076 0.269068 0.294383 0.689347 0.794967 0.396647 0.492574 0.984712 0.623918 0.980447 0.0440425 0.686803 0.182945 0.0838834 0.218574 0.436125 0.415831 
0.835668 0.885478 0.844993 0.842845 0.210674 0.905464 0.124623 0.14989 0.379947 0.404598 0.485342 0.79021 0.833908 0.0868136 0.231704 0.683322 0.598804 0.00894649 0.873295 0.447151 0.884524 0.272786 0.709748 0.596808 0.883187 0.278718 0.845424 0.33589 0.273751 0.153395 0.64886 0.160563 0.96881 0.392124 0.720231 0.886197 0.938419 0.486254 0.144891 0.420962 0.0984098 0.0855047 0.601566 0.918574 0.956552 0.166882 0.854655 0.0364092 0.341863 0.699379 0.510296 0.509216 0.643846 0.943956 0.225194 0.537367 0.856053 0.233617 0.310076 0.550188 0.088752 0.801061 0.628091 0.615143 
0.973412 0.522212 0.415207 0.0331121 0.765992 0.276249 0.0211434 0.315187 0.978609 0.233702 0.622195 0.678472 0.970255 0.461486 0.0739442 0.429019 0.671477 0.452705 0.377856 0.211476 0.550834 0.212141 0.816183 0.679502 0.700669 0.197125 0.977864 0.699036 0.509348 0.845503 0.0398488 0.258306 0.629018 0.783149 0.584395 0.794901 0.672446 0.0421702 0.10653 0.0281087 0.754778 0.0754273 0.164135 0.372081 0.967926 0.570627 0.19956 0.76423 0.901428 0.951785 0.262544 0.203435 0.0718686 0.114031 0.935662 0.443076 0.512793 0.754129 0.116448 0.0922877 0.400012 0.474081 0.227406 0.516072 
0.736983 0.035251 0.450521 0.172325 0.796996 0.994613 0.852862 0.529009 0.0287902 0.519071 0.994966 0.122204 0.730956 0.324688 0.697444 0.891971 0.63362 0.0835889 0.127213 0.347418 0.425393 0.561396 0.379184 0.709543 0.439317 0.588523 0.813452 0.96449 0.460015 0.831243 0.0549807 0.216869 0.75572 0.450278 0.265495 0.0440453 0.963487 0.933717 0.672225 0.785681 0.951688 0.8806 0.224823 0.428662 0.355219 0.233308 0.511307 0.676473 0.591727 0.939288 0.062162 0.67601 0.660319 0.0153942 0.693612 0.00561563 0.0234712 0.962811 0.0279227 0.2928 0.560554 0.465002 0.675624 0.0531615 
0.0605621 0.579118 0.772604 0.892766 0.357725 0.921333 0.254105 0.707494 0.792288 0.312426 0.432955 0.0949087 0.431177 0.401359 0.19655 0.6388 0.8221 0.308505 0.0103603 0.447711 0.583043 0.428596 0.746524 0.410779 0.402089 0.538007 0.676771 0.925923 0.0449866 0.0497556 0.0566309 0.656377 0.69926 0.0888437 0.953334 0.318506 0.553393 0.00505774 0.72011 0.00540276 0.794851 0.305777 0.19532 0.750416 0.345164 0.0559919 0.0111127 0.252279 0.804431 0.833234 0.187457 0.181918 0.658669 0.349927 0.923951 0.405038 0.950187 0.511787 0.714028 0.499973 0.114857 0.379446 0.516707 0.18244 
0.247569 0.630228 0.455954 0.211889 0.491087 0.957085 0.811059 0.532257 0.886451 0.743927 0.251653 0.645654 0.554022 0.184669 0.344132 0.346108 0.00216005 0.382879 0.275485 0.0396172 0.72529 0.311681 0.415458 0.453575 0.474303 0.442222 0.553055 0.637862 0.889456 0.832787 0.462293 0.732913 0.0533184 0.159631 0.681741 0.615255 0.715146 0.868897 0.599211 0.930394 0.159102 0.327375 0.81958 0.444949 0.793926 0.994117 0.844649 0.890372 0.295305 0.60398 0.315717 0.288809 0.535642 0.340208 0.671841 0.72094 0.598685 0.938948 0.674413 0.802428 0.51792 0.0636981 0.869624 0.754781 
0.640384 0.261252 0.804942 0.360803 0.774581 0.775631 0.839767 0.743352 0.12422 0.420995 0.475324 0.220772 0.0733494 0.541751 0.0831766 0.343702 0.96221 0.976072 0.922778 0.0879766 0.223084 0.807816 0.292349 0.67821 0.533635 0.757472 0.929193 0.554045 0.544033 0.605508 0.160592 0.294188 0.694351 0.0749524 0.373553 0.745301 0.683484 0.889357 0.794644 0.88838 0.537248 0.370234 0.811938 0.113659 0.372709 0.280219 0.754457 0.645303 0.400504 0.931908 0.499228 0.163845 0.716299 0.992101 0.489026 0.662602 0.36791 0.87899 0.504053 0.241897 0.666853 0.179016 0.532659 0.105724 
0.0349997 0.457613 0.633439 0.7935 0.998531 0.523997 0.403026 0.44012 0.899737 0.0460842 0.44075 0.0644119 0.707831 0.349646 0.517154 0.408599 0.647701 0.866196 0.133733 0.943166 0.340257 0.100302 0.378471 0.698251 0.552226 0.685299 0.426684 0.0923855 0.86089 0.581283 0.458593 0.175674 0.454832 0.320251 0.601179 0.832439 0.351346 0.62461 0.334718 0.846926 0.552271 0.791474 0.325486 0.775035 0.587607 0.706928 0.804125 0.314223 0.155682 0.929848 0.963702 0.810815 0.99952 0.553113 0.00728344 0.909249 0.140672 0.752521 0.174928 0.983204 0.110892 0.0248878 0.310952 0.135631 
0.694674 0.82568 0.0228149 0.752309 0.340596 0.351779 0.0834731 0.863654 0.936409 0.486568 0.96064 0.216172 0.416201 0.692796 0.332109 0.195028 0.458205 0.148859 0.723415 0.905401 0.786386 0.796295 0.142569 0.032046 0.93457 0.977179 0.255903 0.351819 0.763046 0.302785 0.782194 0.154442 0.488769 0.847163 0.989164 0.920097 0.0556021 0.186048 0.935384 0.733096 0.124607 0.278271 0.318211 0.166728 0.743861 0.155942 0.846124 0.497731 0.367896 0.895968 0.335371 0.385566 0.672569 0.718335 0.238753 0.888821 0.233843 0.0754151 0.726285 0.0900748 0.63781 0.226079 0.138035 0.448161 
0.261583 0.699108 0.863892 0.366733 0.872595 0.384479 0.0604816 0.00471636 0.7979 0.657702 0.712598 0.435441 0.415159 0.159718 0.248588 0.41748 0.815889 0.906265 0.0816572 0.0410769 0.131712 0.280807 0.698231 0.515328 0.505109 0.705825 0.619052 0.0483172 0.269398 0.182436 0.066394 0.0319423 0.267244 0.531316 0.15996 0.489949 0.161046 0.357367 0.871345 0.699571 0.124017 0.793205 0.778133 0.116572 0.224224 0.151786 0.83989 0.607536 0.817718 0.303815 0.547079 0.66962 0.963682 0.371442 0.593313 0.982328 0.116908 0.670355 0.0877555 0.65561 0.167556 0.516688 0.685567 0.241332 
0.418854 0.96782 0.574591 0.0926624 0.738399 0.881636 0.0538496 0.390863 0.0682391 0.379401 0.460801 0.102478 0.92493 0.0375618 0.498025 0.695221 0.175362 0.980643 0.395327 0.598375 0.317336 0.803658 0.7828 0.633189 0.171873 0.0342624 0.953809 0.685348 0.031057 0.831841 0.744197 0.403947 0.653822 0.5883 0.810402 0.260609 0.62118 0.297057 0.158782 0.948625 0.792301 0.357097 0.946663 0.146447 0.760976 0.963545 0.129099 0.988459 0.764262 0.839384 0.493977 0.561254 0.295581 0.422375 0.461963 0.180954 0.921226 0.923887 0.159984 0.58601 0.650284 0.64012 0.281353 0.900311 
0.118993 0.692115 0.541153 0.321248 0.709427 0.736292 0.993721 0.0281404 0.419933 0.713731 0.381439 0.407811 0.962284 0.0669805 0.701097 0.0611641 0.938033 0.507598 0.800284 0.0196892 0.728966 0.660141 0.678906 0.0189048 0.644149 0.210294 0.486311 0.819109 0.536843 0.938313 0.0438171 0.691702 0.100985 0.508477 0.376898 0.413385 0.774569 0.662441 0.508272 0.248601 0.329745 0.291705 0.998805 0.336653 0.187231 0.596414 0.514089 0.593389 0.433679 0.375898 0.478887 0.308859 0.736415 0.0139 0.0507219 0.541524 0.535325 0.367267 0.531293 0.601428 0.082611 0.587462 0.0804839 0.962076 
0.3504 0.788676 0.0818258 0.949772 0.674001 0.649994 0.293391 0.514645 0.1644 0.106677 0.777355 0.218234 0.271344 0.525384 0.545433 0.88988 0.473955 0.0161404 0.629266 0.732754 0.831044 0.0881452 0.410196 0.275303 0.440039 0.626856 0.856788 0.138026 0.509304 0.784078 0.46259 0.964239 0.809893 0.869871 0.758955 0.655613 0.409863 0.994888 0.693883 0.863976 0.815559 0.10381 0.480977 0.0102579 0.46216 0.505758 0.751635 0.618034 0.161674 0.569824 0.184226 0.755653 0.461565 0.285521 0.521899 0.839272 0.49445 0.73075 0.302704 0.119188 0.0456113 0.256594 0.64582 0.714975 
0.527904 0.995377 0.809787 0.23168 0.36675 0.81013 0.68358 0.313244 0.57781 0.616047 0.838458 0.983099 0.126756 0.276785 0.181794 0.264507 0.788048 0.39117 0.418601 0.224991 0.925593 0.283539 0.192185 0.602905 0.243753 0.505304 0.763946 0.212231 0.210937 0.184697 0.600542 0.90167 0.319207 0.392999 0.992141 0.222895 0.83847 0.184042 0.0833683 0.524733 0.100844 0.00473331 0.128419 0.5214 0.0783957 0.916489 0.223101 0.389075 0.788988 0.686323 0.0928496 0.749525 0.865652 0.249084 0.0969353 0.196654 0.0230862 0.92423 0.284793 0.853758 0.285079 0.703507 0.37261 0.258074 
0.453448 0.688282 0.993769 0.519701 0.614025 0.904231 0.40766 0.220212 0.922568 0.806934 0.465347 0.697384 0.825556 0.583268 0.501029 0.316362 0.314195 0.663607 0.116817 0.38825 0.573325 0.00367127 0.409191 0.640615 0.630352 0.316668 0.303033 0.131567 0.900262 0.0176497 0.549087 0.626387 0.774182 0.497361 0.583151 0.659355 0.00798777 0.439563 0.413929 0.74051 0.979436 0.250587 0.345169 0.743335 0.381988 0.038865 0.406552 0.0566136 0.0480098 0.298316 0.193366 0.418147 0.510392 0.136348 0.843427 0.675331 0.930672 0.512064 0.648166 0.233758 0.852877 0.357271 0.0688223 0.458844 
0.00107925 0.812507 0.761223 0.0563598 0.189143 0.298756 0.207408 0.420936 0.423557 0.00378379 0.628911 0.22122 0.815712 0.36634 0.180699 0.68231 0.223076 0.372316 0.739244 0.380984 0.189293 0.132041 0.82301 0.765729 0.908179 0.413034 0.139834 0.523792 0.198408 0.213215 0.376854 0.0627045 0.279031 0.656327 0.862706 0.0570327 0.537675 0.552552 0.902168 0.437823 0.423496 0.867406 0.267041 0.987202 0.279778 0.822336 0.780087 0.258901 0.345885 0.642409 0.503061 0.799284 0.675725 0.295423 0.895017 0.693313 0.134807 0.112103 0.0689962 0.890676 0.709949 0.677145 0.634688 0.453858 
0.215611 0.971304 0.989863 0.192799 0.215796 0.56754 0.337032 0.0534217 0.312408 0.878817 0.117277 0.619465 0.409027 0.792803 0.0448402 0.933057 0.983049 0.991553 0.424839 0.782554 0.483887 0.45839 0.284443 0.461662 0.387249 0.467062 0.663192 0.288456 0.39135 0.908969 0.999464 0.412578 0.563117 0.663887 0.818755 0.589773 0.457365 0.169749 0.135825 0.523361 0.738185 0.737086 0.464912 0.131699 0.66575 0.733669 0.390581 0.49863 0.764225 0.0930101 0.472691 0.634738 0.917876 0.00297272 0.676949 0.454976 0.521686 0.498466 0.693854 0.422144 0.954076 0.254659 0.720583 0.143228 
0.711722 0.907868 0.482417 0.0775849 0.412607 0.98894 0.999012 0.0109516 0.267507 0.601883 0.247623 0.340865 0.849799 0.314808 0.138424 0.378068 0.21243 0.114015 0.172098 0.695326 0.388787 0.414009 0.331882 0.434017 0.00136473 0.376956 0.379179 0.726437 0.437942 0.180389 0.154549 0.648758 0.363733 0.351503 0.400261 0.0274892 0.443284 0.241747 0.788655 0.109446 0.493737 0.508721 0.742861 0.0595936 0.382 0.893772 0.140608 0.443044 0.083256 0.416887 0.426781 0.0869262 0.608509 0.389064 0.402348 0.353265 0.293245 0.708192 0.14854 0.918368 0.115093 0.243501 0.695637 0.95569 
0.877306 0.845827 0.980309 0.0912598 0.332703 0.485365 0.64782 0.838658 0.502877 0.472916 0.91738 0.162972 0.230785 0.974424 0.392169 0.80379 0.387786 0.00233761 0.706014 0.503729 0.413179 0.0371345 0.960565 0.42807 0.462029 0.905313 0.370939 0.757522 0.0917979 0.00804331 0.271398 0.851539 0.169587 0.814373 0.296823 0.971291 0.436241 0.119488 0.558447 0.851732 0.75951 0.275929 0.448062 0.321418 0.634369 0.297584 0.563067 0.595724 0.151994 0.13014 0.573068 0.559009 0.830938 0.318856 0.035555 0.375953 0.393805 0.423337 0.604615 0.522854 0.318143 0.465617 0.00454197 0.518731 
0.643178 0.87118 0.0669852 0.174811 0.490869 0.498276 0.471612 0.737385 0.165726 0.525229 0.326562 0.113423 0.99489 0.770896 0.373401 0.892948 0.380023 0.113064 0.819637 0.0541071 0.372597 0.352008 0.32064 0.148099 0.382166 0.885149 0.963277 0.393499 0.625904 0.306521 0.719117 0.197242 0.260261 0.639156 0.990111 0.0349386 0.552758 0.791064 0.959112 0.941337 0.403598 0.551197 0.853957 0.0814631 0.502821 0.1162 0.191843 0.20642 0.812967 0.282084 0.532135 0.0148282 0.253788 0.178871 0.564439 0.292191 0.619396 0.761073 0.228389 0.781294 0.0193275 0.25056 0.437911 0.321674 
0.466585 0.767846 0.00987943 0.165285 0.806462 0.271903 0.349463 0.156652 0.422675 0.454572 0.971188 0.963916 0.158137 0.264585 0.46406 0.221668 0.174292 0.507697 0.0997226 0.717015 0.591973 0.0142694 0.962565 0.677238 0.308852 0.881992 0.136908 0.48473 0.140405 0.11043 0.593258 0.621738 0.871194 0.612889 0.00305636 0.820605 0.691577 0.32812 0.912455 0.898468 0.18856 0.462398 0.247464 0.82767 0.442166 0.183301 0.699473 0.996307 0.674239 0.463435 0.182446 0.426835 0.885174 0.323324 0.27981 0.794159 0.524812 0.195065 0.29211 0.679498 0.0815891 0.235752 0.767209 0.353326 
0.0483669 0.90167 0.840201 0.778081 0.374706 0.360803 0.775564 0.70429 0.645554 0.0693975 0.263056 0.954346 0.358851 0.0596531 0.475508 0.772539 0.23139 0.00541527 0.588315 0.251344 0.709736 0.345747 0.0410164 0.0546961 0.691858 0.594303 0.260702 0.86868 0.554183 0.0778077 0.851516 0.14153 0.169006 0.306423 0.66489 0.828758 0.870223 0.930482 0.232122 0.18727 0.19873 0.935267 0.0391995 0.078068 0.33604 0.648453 0.394851 0.31415 0.377525 0.974471 0.900401 0.824547 0.487625 0.543971 0.432854 0.339594 0.377344 0.116567 0.337719 0.543915 0.286603 0.756025 0.379281 0.0243315 
