64 64
0.0313696 0.44857 0.771735 0.463809 0.951584 0.0445155 0.604242 0.764467 0.488333 0.980282 0.00542672 0.440119 0.421805 0.446192 0.640878 0.315458 0.979976 0.886632 0.927944 0.00333186 0.96281 0.478089 0.99755 0.498832 0.650391 0.336176 0.943102 0.977363 0.374651 0.749691 0.055999 0.123229 0.222998 0.297159 0.229171 0.63174 0.207976 0.699521 0.100448 0.871809 0.617195 0.717087 0.751499 0.61792 0.788832 0.39478 0.192766 0.620243 0.798842 0.225723 0.17418 0.405414 0.311862 0.677407 0.945255 0.30152 0.122588 0.0119627 0.802986 0.473331 0.147069 0.304462 0.796266 0.0400051 
0.618455 0.449073 0.284127 0.947839 0.570126 0.933081 0.832728 0.112592 0.00718345 0.382345 0.62897 0.631264 0.853915 0.0380409 0.21862 0.743191 0.881435 0.501813 0.171791 0.691783 0.959329 0.487266 0.693863 0.827266 0.821984 0.0441551 0.66779 0.344549 0.0488673 0.257974 0.185513 0.0985348 0.834586 0.132709 0.763505 0.691409 0.770705 0.557644 0.0442462 0.890658 0.85695 0.492484 0.594463 0.153145 0.836713 0.762368 0.118984 0.529602 0.687945 0.0377232 0.914056 0.068909 0.459912 0.85149 0.197481 0.725936 0.0427975 0.114231 0.0269858 0.297202 0.123343 0.360014 0.846504 0.598653 
0.737207 0.687968 0.282238 0.832831 0.567736 0.850567 0.487974 0.484926 0.626755 0.74705 0.189792 0.790906 0.483736 0.193046 0.190108 0.930972 0.839476 0.603703 0.28878 0.192034 0.939543 0.302646 0.668044 0.0555032 0.0989029 0.399025 0.686782 0.381313 0.955417 0.611477 0.845689 0.633089 0.37274 0.274339 0.0677221 0.615565 0.219092 0.308872 0.787233 0.511122 0.0367018 0.0464046 0.0922713 0.670644 0.803809 0.033105 0.871005 0.807994 0.518979 0.544536 0.497946 0.976467 0.563428 0.936963 0.715099 0.264353 0.688762 0.512818 0.621195 0.452131 0.984756 0.0509726 0.937038 0.475273 
0.723445 0.196294 0.783094 0.0541744 0.800398 0.870592 0.687233 0.456162 0.769698 0.420889 0.997118 0.812127 0.220179 0.778588 0.37268 0.784854 0.536278 0.160936 0.960267 0.902018 0.171666 0.206609 0.418083 0.553897 0.37284 0.0112149 0.312484 0.33467 0.22777 0.134281 0.63412 0.527518 0.514769 0.674929 0.800096 0.273401 0.737194 0.0389984 0.621811 0.830683 0.852004 0.349556 0.49582 0.0773137 0.413108 0.0206975 0.819291 0.611809 0.951043 0.532531 0.298505 0.538579 0.819498 0.290417 0.279285 0.147108 0.518857 0.0191289 0.0129877 0.813305 0.332365 0.656621 0.719987 0.48933 
0.515064 0.0520028 0.204015 0.590058 0.25056 0.652748 0.0233293 0.830582 0.702955 0.67847 0.759071 0.400978 0.934195 0.876708 0.867635 0.261971 0.968661 0.156421 0.0417124 0.647717 0.771306 0.521224 0.425558 0.798616 0.029814 0.0989918 0.858764 0.868048 0.794478 0.661617 0.432582 0.839027 0.758786 0.127577 0.289263 0.60338 0.237577 0.419821 0.626847 0.00921271 0.701619 0.182875 0.996316 0.628024 0.419121 0.0927652 0.373324 0.762742 0.818972 0.781025 0.0248054 0.298991 0.209156 0.898662 0.243648 0.340813 0.684632 0.855463 0.540533 0.428186 0.101357 0.89205 0.972689 0.503495 
0.095514 0.448894 0.395811 0.176875 0.704135 0.596146 0.318945 0.499886 0.408833 0.497881 0.441654 0.848434 0.323783 0.894152 0.862164 0.125694 0.883197 0.435575 0.405965 0.926118 0.802749 0.475287 0.591513 0.241513 0.938064 0.33975 0.575511 0.96174 0.919833 0.578173 0.826341 0.326731 0.791995 0.674656 0.23702 0.362751 0.161748 0.145102 0.149548 0.686052 0.47645 0.36087 0.0510781 0.507452 0.452931 0.0833219 0.52728 0.0460841 0.912079 0.533137 0.165584 0.57297 0.584179 0.615154 0.707537 0.378833 0.423184 0.993134 0.846479 0.402679 0.0681125 0.0260411 0.781424 0.101861 
0.383577 0.765601 0.599783 0.402848 0.338689 0.299089 0.338749 0.423771 0.940915 0.104899 0.122801 0.121167 0.978553 0.19217 0.633277 0.248996 0.486822 0.516382 0.17129 0.998407 0.0650967 0.307625 0.90437 0.43967 0.906394 0.593055 0.140161 0.340409 0.256946 0.763129 0.871131 0.861093 0.963219 0.850599 0.213243 0.0575226 0.695471 0.00552606 0.838765 0.739408 0.720321 0.910953 0.723623 0.186624 0.472634 0.094286 0.389227 0.614358 0.0732273 0.414523 0.692736 0.871649 0.546954 0.307802 0.263969 0.816264 0.727576 0.247433 0.780594 0.150084 0.177399 0.677259 0.719193 0.796859 
0.898089 0.124991 0.827999 0.248883 0.165209 0.887762 0.233789 0.592496 0.426 0.749679 0.373778 0.968906 0.156469 0.5981 0.0738951 0.477145 0.332051 0.658339 0.776349 0.030044 0.60088 0.435348 0.968099 0.643521 0.493664 0.379755 0.17807 0.638498 0.209809 0.0301841 0.625512 0.0333065 0.420507 0.397949 0.362337 0.16201 0.272195 0.134667 0.0701471 0.68656 0.626125 0.323081 0.129543 0.0904655 0.00359767 0.921342 0.724128 0.739193 0.923905 0.353093 0.659213 0.393685 0.662213 0.737682 0.119091 0.240978 0.0465511 0.404211 0.0897999 0.945348 0.478015 0.255362 0.946425 0.274159 
0.304377 0.271362 0.590508 0.13403 0.364937 0.505238 0.349461 0.869938 0.719392 0.837761 0.200177 0.694804 0.729344 0.316016 0.533249 0.689574 0.377317 0.345989 0.727139 0.891553 0.518465 0.0494843 0.991564 0.178432 0.859612 0.813897 0.450952 0.185552 0.827381 0.383453 0.634594 0.643416 0.0117448 0.431162 0.46289 0.405049 0.509533 0.428696 0.241596 0.95194 0.999959 0.538695 0.19594 0.769366 0.381583 0.81877 0.748281 0.398138 0.926603 0.299479 0.861241 0.408232 0.950439 0.202006 0.320006 0.0218476 0.755809 0.923431 0.148646 0.0424385 0.318612 0.797461 0.982351 0.998827 
0.373288 0.344056 0.0511019 0.204825 0.776227 0.431148 0.27708 0.605065 0.179373 0.868092 0.807569 0.1342 0.55836 0.565253 0.609891 0.804522 0.142014 0.825792 0.756457 0.573951 0.626645 0.99627 0.609507 0.643076 0.752329 0.682502 0.545291 0.265222 0.82956 0.157298 0.1605 0.93398 0.163295 0.100295 0.902998 0.36931 0.723671 0.270339 0.885712 0.0229873 0.422192 0.769271 0.19279 0.13262 0.73133 0.679278 0.576245 0.592069 0.757515 0.374245 0.226313 0.820555 0.684796 0.231213 0.621006 0.252753 0.34607 0.334603 0.708827 0.604782 0.090938 0.0931912 0.382861 0.138547 
0.994063 0.216972 0.839455 0.243122 0.553522 0.0241359 0.133179 0.109876 0.195023 0.543327 0.379489 0.551272 0.829073 0.746913 0.634041 0.385042 0.383081 0.109407 0.605323 0.202284 0.963356 0.0634231 0.399773 0.382722 0.0598961 0.262657 0.816846 0.0444892 0.374265 0.605741 0.131973 0.353085 0.642808 0.371776 0.92147 0.791779 0.247182 0.057977 0.305948 0.488923 0.875994 0.584005 0.1463 0.8577 0.0563554 0.514574 0.495628 0.218233 0.798928 0.268607 0.222524 0.283602 0.272 0.986876 0.235453 0.592904 0.386508 0.19744 0.0714355 0.527336 0.573007 0.141884 0.0719657 0.431887 
0.645946 0.922974 0.881837 0.591425 0.172188 0.175714 0.406605 0.188231 0.374571 0.489253 0.666564 0.577344 0.0296647 0.507152 0.0176935 0.999434 0.710722 0.81924 0.199087 0.848327 0.371189 0.209785 0.0606195 0.80816 0.355194 0.445998 0.950151 0.321274 0.918003 0.434155 0.35427 0.801901 0.139122 0.475628 0.28457 0.195066 0.990945 0.798955 0.632226 0.756241 0.6223 0.459533 0.227901 0.377329 0.944823 0.51011 0.332417 0.510673 0.123091 0.211226 0.210485 0.0296344 0.528934 0.766807 0.531983 0.363567 0.986318 0.271466 0.432241 0.267614 0.865174 0.0458746 0.601321 0.763894 
0.903953 0.483505 0.321488 0.277135 0.366878 0.127526 0.420064 0.83228 0.0430286 0.273418 0.205579 0.797405 0.515007 0.857219 0.284589 0.0941637 0.163709 0.514578 0.727834 0.11885 0.532235 0.703819 0.0493928 0.722419 0.651704 0.726896 0.791903 0.12872 0.169181 0.257458 0.868945 0.766072 0.908846 0.0469942 0.724631 0.804813 0.437942 0.588834 0.421768 0.860736 0.306475 0.955286 0.870478 0.0113309 0.0444265 0.819293 0.450846 0.935605 0.798125 0.531383 0.113157 0.789177 0.144762 0.3983 0.472378 0.600035 0.0293913 0.51662 0.25994 0.736691 0.613565 0.0918805 0.100495 0.0390845 
0.763298 0.464323 0.151619 0.530331 0.178569 0.869836 0.252771 0.516877 0.613361 0.968588 0.836936 0.12064 0.380716 0.93951 0.994256 0.493414 0.786895 0.939519 0.212679 0.563905 0.800965 0.788326 0.649967 0.711677 0.236718 0.209395 0.178307 0.0868473 0.0985269 0.748732 0.0289244 0.0402804 0.185182 0.680109 0.939768 0.112205 0.24312 0.23904 0.388946 0.828615 0.290809 0.360024 0.655164 0.739705 0.717553 0.707902 0.951685 0.458297 0.786959 0.442896 0.91556 0.11235 0.265797 0.80459 0.750696 0.872948 0.374389 0.860941 0.359844 0.0991447 0.875625 0.478598 0.477746 0.671841 
0.96946 0.792384 0.699709 0.107231 0.831947 0.770209 0.424134 0.386625 0.530885 0.436923 0.416237 0.339397 0.935161 0.029522 0.688106 0.240427 0.509016 0.201606 0.529166 0.29149 0.46622 0.502414 0.973464 0.138666 0.514844 0.333231 0.0634103 0.829722 0.326831 0.173227 0.433715 0.129347 0.667078 0.562294 0.141267 0.634001 0.145057 0.0126696 0.320039 0.564416 0.211468 0.809886 0.405129 0.446271 0.127352 0.697769 0.502011 0.0543085 0.302608 0.727208 0.924913 0.331755 0.45688 0.252435 0.475529 0.282562 0.743909 0.329296 0.17154 0.226602 0.247092 0.74485 0.949779 0.778907 
0.857754 0.0266761 0.487636 0.750488 0.97752 0.489038 0.750756 0.416902 0.918018 0.254858 0.648582 0.205776 0.164325 0.777536 0.670085 0.243691 0.173747 0.266289 0.778079 0.911418 0.280792 0.706804 0.331652 0.746582 0.412859 0.0605261 0.898633 0.205382 0.298492 0.0368347 0.706169 0.343573 0.950725 0.692295 0.339885 0.750607 0.178738 0.788088 0.241536 0.837409 0.631801 0.109924 0.10051 0.438844 0.938823 0.33128 0.298006 0.445887 0.233716 0.458631 0.163148 0.845298 0.511499 0.812649 0.611298 0.927051 0.872923 0.49235 0.152884 0.499876 0.829057 0.870243 0.0791826 0.51579 
0.372845 0.0927649 0.383504 0.246199 0.214756 0.0245459 0.957146 0.308398 0.144778 0.793004 0.643302 0.192557 0.802539 0.964461 0.114161 0.85212 0.770464 0.475177 0.122259 0.79705 0.975738 0.444463 0.31942 0.114305 0.125503 0.939956 0.207976 0.719329 0.422139 0.969243 0.0379578 0.5584 0.391475 0.629306 0.83132 0.132995 0.377275 0.753731 0.37911 0.64433 0.0798048 0.516581 0.00113372 0.209693 0.0683927 0.109533 0.408825 0.26178 0.661108 0.21026 0.617712 0.724199 0.0808518 0.833997 0.639083 0.491531 0.871932 0.623411 0.502051 0.740298 0.934136 0.796445 0.978842 0.10199 
0.320942 0.0700373 0.00962645 0.610587 0.609478 0.714015 0.54552 0.515001 0.979133 0.601368 0.759709 0.286739 0.856472 0.218476 0.422608 0.729394 0.337022 0.104282 0.982743 0.912507 0.195756 0.893916 0.32048 0.759691 0.391743 0.0927402 0.225403 0.503073 0.331227 0.447139 0.547757 0.627357 0.97024 0.908187 0.678403 0.822802 0.0278227 0.353807 0.506178 0.45941 0.547957 0.620585 0.710089 0.336833 0.703707 0.352896 0.153006 0.177855 0.0924021 0.47359 0.466333 0.947759 0.936066 0.483591 0.941634 0.553509 0.948545 0.682317 0.918412 0.202499 0.33502 0.484501 0.0654052 0.482462 
0.90049 0.634982 0.989746 0.5938 0.155371 0.736892 0.142939 0.659488 0.562914 0.938802 0.637353 0.306151 0.184266 0.260967 0.406524 0.135178 0.341669 0.180758 0.631962 0.691042 0.384856 0.51976 0.901208 0.726954 0.894804 0.741299 0.622431 0.710889 0.133933 0.0929109 0.0719721 0.0630886 0.531255 0.425195 0.0519013 0.339627 0.571522 0.282502 0.834455 0.397131 0.697595 0.565104 0.959071 0.00580506 0.142862 0.938438 0.0358149 0.868064 0.884941 0.511225 0.430623 0.148656 0.312969 0.372187 0.128952 0.919983 0.122177 0.210529 0.944365 0.866485 0.264373 0.588999 0.708917 0.389178 
0.317709 0.300207 0.909296 0.279266 0.999382 0.435326 0.088334 0.00277297 0.75756 0.695034 0.655954 0.913096 0.087605 0.333834 0.259404 0.201842 0.47047 0.822492 0.945027 0.40723 0.897484 0.537559 0.345314 0.25654 0.253964 0.661837 0.130708 0.443635 0.798642 0.909541 0.760803 0.491703 0.191402 0.35029 0.525972 0.374617 0.180066 0.329655 0.239768 0.41813 0.976531 0.826126 0.834522 0.389917 0.983594 0.784313 0.876854 0.457865 0.610971 0.686439 0.0229596 0.741385 0.337861 0.627532 0.881726 0.541308 0.562548 0.315675 0.696636 0.183368 0.254263 0.134928 0.48473 0.465582 
0.052467 0.888903 0.740932 0.57721 0.840213 0.365137 0.385249 0.173023 0.602088 0.966913 0.125764 0.706196 0.840176 0.811574 0.496572 0.423426 0.517572 0.645509 0.280364 0.571121 0.537251 0.659184 0.464032 0.839577 0.362563 0.297141 0.973432 0.358838 0.0732938 0.106127 0.660105 0.653125 0.0160966 0.635593 0.315153 0.0539976 0.845278 0.294267 0.117264 0.867945 0.811241 0.310069 0.58338 0.111529 0.182728 0.109515 0.605244 0.991639 0.384688 0.459924 0.88729 0.20445 0.158715 0.5509 0.119179 0.837259 0.332213 0.966598 0.677929 0.463076 0.419121 0.212409 0.92941 0.365905 
0.936084 0.156181 0.616437 0.962769 0.682297 0.0706227 0.301185 0.110992 0.807645 0.370449 0.731136 0.700354 0.192833 0.694075 0.488302 0.478561 0.205446 0.582579 0.901583 0.56716 0.627633 0.983125 0.8853 0.636574 0.126643 0.711397 0.878416 0.242025 0.639414 0.618 0.078437 0.481306 0.970128 0.796166 0.311064 0.289817 0.0603566 0.857363 0.870158 0.012492 0.576493 0.888726 0.579215 0.405543 0.51951 0.373797 0.899477 0.878477 0.199045 0.554552 0.779583 0.911688 0.476546 0.772348 0.947006 0.734714 0.650542 0.0254914 0.949296 0.893351 0.867374 0.924698 0.105094 0.292668 
0.498868 0.985526 0.438564 0.501758 0.58886 0.689808 0.390816 0.828593 0.712198 0.261046 0.214127 0.85965 0.639219 0.789371 0.692308 0.215932 0.203608 0.216037 0.115987 0.659793 0.550951 0.213209 0.957729 0.834302 0.768081 0.737151 0.0156036 0.526196 0.308859 0.435195 0.843893 0.384931 0.607862 0.491891 0.988529 0.576241 0.507789 0.578638 0.233571 0.69688 0.48282 0.554329 0.613167 0.239109 0.378545 0.712525 0.322744 0.901067 0.687487 0.224852 0.185056 0.593825 0.167477 0.896549 0.33916 0.698792 0.369213 0.261972 0.351347 0.399269 0.57924 0.669206 0.220467 0.959716 
0.823722 0.653198 0.119719 0.0222961 0.54005 0.454911 0.0849723 0.726804 0.391524 0.493616 0.931782 0.859233 0.195427 0.238754 0.818127 0.0659701 0.753582 0.00706026 0.822167 0.627971 0.552472 0.828422 0.611967 0.939406 0.142584 0.567421 0.032391 0.829589 0.686359 0.869973 0.99575 0.174887 0.896333 0.676807 0.168024 0.565274 0.947461 0.269943 0.773475 0.42924 0.251194 0.938327 0.112906 0.507982 0.0312491 0.848474 0.016358 0.365704 0.0514879 0.697212 0.600106 0.973371 0.573856 0.22567 0.586427 0.152248 0.507458 0.705444 0.577391 0.24128 0.6141 0.0397046 0.35213 0.995567 
0.132512 0.116498 0.844295 0.125716 0.697673 0.776779 0.269393 0.827973 0.607246 0.0642709 0.644732 0.366879 0.916969 0.381888 0.669879 0.433378 0.619224 0.25083 0.692675 0.679178 0.109612 0.257917 0.92149 0.274161 0.352559 0.670799 0.253091 0.576112 0.907552 0.759641 0.27349 0.859542 0.348697 0.740209 0.96772 0.465977 0.502771 0.544751 0.706954 0.536419 0.0992346 0.815206 0.233884 0.0941769 0.267842 0.0226665 0.334485 0.67921 0.997929 0.353368 0.920566 0.258312 0.995317 0.389796 0.898661 0.0185344 0.278189 0.105086 0.736735 0.504655 0.557159 0.0884954 0.854185 0.918755 
0.628136 0.428303 0.144371 0.285118 0.357028 0.550972 0.605488 0.0523764 0.00999689 0.712533 0.683467 0.758285 0.702872 0.133567 0.467136 0.453759 0.989458 0.739674 0.0954687 0.118968 0.882965 0.591064 0.400158 0.894343 0.179346 0.902923 0.701938 0.994817 0.67555 0.702351 0.545385 0.0559463 0.0333126 0.87803 0.475232 0.514688 0.960423 0.285045 0.0187802 0.843226 0.912021 0.564795 0.384777 0.690297 0.262068 0.227626 0.659938 0.646063 0.828139 0.693909 0.885598 0.115081 0.123883 0.761487 0.535812 0.486219 0.736534 0.450982 0.620019 0.905845 0.197577 0.300876 0.471237 0.270141 
0.407676 0.343188 0.717491 0.99042 0.224111 0.620432 0.455145 0.741487 0.273887 0.52311 0.150211 0.221731 0.965374 0.42955 0.0122512 0.385254 0.235095 0.246789 0.140115 0.803355 0.433818 0.552843 0.866571 0.494389 0.740022 0.339149 0.63163 0.674465 0.98146 0.864288 0.906282 0.0949384 0.0954225 0.352899 0.00814867 0.595762 0.52862 0.683031 0.436464 0.584325 0.658341 0.841977 0.299212 0.106232 0.409008 0.992132 0.629982 0.777852 0.994518 0.697067 0.233321 0.223397 0.407785 0.159258 0.267285 0.837564 0.562163 0.664184 0.348708 0.0787216 0.197148 0.148466 0.4788 0.531718 
0.624925 0.777484 0.29969 0.0762278 0.490653 0.334724 0.262053 0.56337 0.118849 0.545069 0.556786 0.262367 0.395693 0.229519 0.923894 0.229307 0.471386 0.0134196 0.802207 0.958964 0.798865 0.669449 0.730869 0.311978 0.861842 0.880197 0.494347 0.704015 0.960385 0.221795 0.424593 0.998379 0.942065 0.00363975 0.179731 0.652641 0.827961 0.272517 0.977817 0.116539 0.842378 0.861303 0.169861 0.0205811 0.307477 0.379495 0.486323 0.371771 0.230624 0.348323 0.388759 0.171697 0.0525566 0.179183 0.823613 0.0363553 0.0362295 0.845213 0.997435 0.104737 0.902092 0.00975343 0.910561 0.349867 
0.745884 0.701501 0.64474 0.283582 0.961573 0.499287 0.206527 0.697469 0.367265 0.426943 0.277643 0.328243 0.0863254 0.0264536 0.165814 0.254818 0.0170289 0.398575 0.628281 0.666451 0.0875741 0.334759 0.422098 0.293354 0.842876 0.247143 0.280761 0.807598 0.878522 0.833499 0.43828 0.484179 0.257848 0.841035 0.387477 0.901413 0.586772 0.660494 0.105496 0.0490459 0.678957 0.409925 0.93578 0.869884 0.580241 0.617783 0.795307 0.266225 0.0756822 0.901904 0.552098 0.795179 0.178304 0.338412 0.569549 0.841946 0.052318 0.899526 0.19554 0.862436 0.580253 0.724711 0.674217 0.52466 
0.791442 0.650815 0.420108 0.445011 0.172332 0.025245 0.625598 0.380654 0.3478 0.00973667 0.379037 0.320377 0.712402 0.00355299 0.260402 0.606719 0.91323 0.0756842 0.910562 0.849306 0.774431 0.487083 0.349721 0.159733 0.0794723 0.074579 0.156437 0.245596 0.263617 0.14933 0.967538 0.307714 0.640302 0.731661 0.701508 0.577867 0.512885 0.452045 0.00419779 0.0555729 0.692407 0.0755243 0.044535 0.941332 0.953987 0.851831 0.124856 0.00461218 0.794504 0.994719 0.535275 0.870671 0.812147 0.357398 0.467038 0.321235 0.832589 0.813367 0.882194 0.0608989 0.0571861 0.662587 0.148039 0.375357 
0.903382 0.639968 0.535263 0.683788 0.482999 0.368968 0.247309 0.299538 0.0234806 0.0809965 0.874525 0.607462 0.448474 0.227089 0.38134 0.288874 0.066264 0.763349 0.634494 0.567482 0.0667922 0.421719 0.574311 0.864481 0.478562 0.525889 0.158014 0.941036 0.635714 0.449058 0.53073 0.303034 0.385615 0.683193 0.870331 0.451001 0.328734 0.665446 0.509891 0.111768 0.341836 0.323873 0.496505 0.861617 0.422165 0.910449 0.919428 0.398684 0.473492 0.642951 0.909823 0.536543 0.931916 0.875647 0.0165701 0.964318 0.314308 0.035823 0.425516 0.172818 0.877665 0.969077 0.582046 0.836462 
0.252254 0.508572 0.33613 0.221362 0.95925 0.979927 0.704617 0.505081 0.431255 0.280113 0.842263 0.937068 0.38727 0.70558 0.259043 0.0286141 0.844671 0.267704 0.903715 0.982509 0.177802 0.919764 0.363235 0.291952 0.591243 0.126906 0.705095 0.44855 0.567908 0.573668 0.213649 0.486475 0.843606 0.0438582 0.435639 0.96873 0.40783 0.775686 0.2847 0.909897 0.525951 0.222019 0.510234 0.80244 0.315149 0.348744 0.591539 0.180631 0.383681 0.283827 0.746226 0.227183 0.297047 0.723881 0.256406 0.439216 0.435216 0.184987 0.737272 0.803952 0.426024 0.955609 0.979675 0.938865 
0.465769 0.70356 0.849289 0.0821154 0.786291 0.787978 0.45314 0.226257 0.879702 0.198601 0.0406628 0.950412 0.921007 0.706921 0.175521 0.823853 0.55701 0.383661 0.609693 0.340629 0.111277 0.227053 0.455907 0.665451 0.100913 0.601923 0.739006 0.352927 0.362427 0.0865049 0.461052 0.436177 0.140258 0.635656 0.231593 0.872593 0.58758 0.207298 0.860045 0.112745 0.0863475 0.0688738 0.56803 0.779191 0.00935057 0.58133 0.769302 0.293367 0.574505 0.370404 0.186357 0.0313032 0.727194 0.0631613 0.483786 0.965214 0.339646 0.325357 0.0342641 0.134965 0.689179 0.701009 0.373789 0.86688 
0.146944 0.459909 0.689035 0.793219 0.745148 0.804427 0.48449 0.57455 0.412268 0.687233 0.690084 0.556302 0.372146 0.897115 0.555157 0.541274 0.90724 0.937203 0.0137696 0.89064 0.500841 0.896966 0.808505 0.189708 0.636499 0.173116 0.479584 0.83081 0.849197 0.973688 0.514756 0.675043 0.628267 0.339101 0.373364 0.161556 0.244 0.701418 0.175239 0.767339 0.568323 0.179377 0.288333 0.986271 0.941693 0.854201 0.800714 0.592733 0.342078 0.977738 0.881624 0.845081 0.480861 0.558069 0.687556 0.201167 0.406526 0.663216 0.804303 0.393693 0.0464721 0.743405 0.0494917 0.107153 
0.875775 0.107686 0.332444 0.214273 0.0872476 0.203339 0.966307 0.573304 0.058608 0.861737 0.0669944 0.932743 0.994074 0.727911 0.903978 0.414499 0.189919 0.692322 0.188118 0.16791 0.682226 0.112231 0.329255 0.857804 0.910624 0.449776 0.170971 0.0193926 0.0892066 0.91861 0.919092 0.0209315 0.708174 0.0450339 0.879485 0.652554 0.155347 0.463803 0.78974 0.777632 0.0630149 0.414212 0.335626 0.989883 0.263528 0.227127 0.600873 0.348293 0.831503 0.99585 0.247749 0.719697 0.835521 0.836278 0.560202 0.963236 0.178855 0.360451 0.381518 0.4502 0.539936 0.0911162 0.925074 0.288244 
0.441037 0.132718 0.945193 0.902578 0.658665 0.185325 0.224102 0.32484 0.200703 0.102403 0.00654291 0.91956 0.570707 0.247262 0.0912214 0.303518 0.42707 0.603664 0.0384125 0.52247 0.792509 0.343234 0.407724 0.115533 0.664942 0.194288 0.0138998 0.524365 0.149703 0.680375 0.305117 0.454854 0.27526 0.263758 0.015537 0.0188927 0.422455 0.189413 0.767034 0.590545 0.52379 0.488711 0.0231092 0.607201 0.412758 0.0148629 0.550694 0.499302 0.357952 0.5546 0.594319 0.113942 0.647268 0.0988079 0.544312 0.916936 0.581909 0.760444 0.656772 0.58245 0.48152 0.480599 0.518443 0.165828 
0.159826 0.885572 0.360359 0.731521 0.509108 0.722708 0.0545032 0.489468 0.126823 0.792748 0.631207 0.473544 0.163561 0.633574 0.0756004 0.247901 0.351701 0.91671 0.120079 0.259615 0.0323076 0.743384 0.364267 0.563487 0.933527 0.949306 0.950976 0.581678 0.914152 0.503937 0.930525 0.924056 0.489224 0.175824 0.678215 0.997826 0.836921 0.431062 0.970956 0.184134 0.477317 0.997571 0.416516 0.103919 0.783117 0.574538 0.0395513 0.644388 0.966364 0.315642 0.112167 0.711523 0.871277 0.434541 0.845214 0.291554 0.979102 0.984735 0.622609 0.0405155 0.58426 0.945874 0.195137 0.626679 
0.407274 0.421244 0.687487 0.60075 0.907864 0.925853 0.533641 0.256519 0.287022 0.830074 0.474998 0.0763632 0.367162 0.999601 0.202112 0.785996 0.87076 0.360886 0.756867 0.305693 0.0893179 0.282711 0.215452 0.338076 0.0206673 0.277238 0.531302 0.499945 0.20133 0.0234465 0.115208 0.696017 0.837356 0.895587 0.909595 0.463379 0.0194685 0.961371 0.626287 0.0159696 0.409602 0.667408 0.732874 0.493625 0.0570171 0.821594 0.645486 0.648702 0.247731 0.457361 0.246397 0.043368 0.28941 0.62065 0.379749 0.390566 0.735097 0.757025 0.529834 0.0923703 0.394767 0.559438 0.532375 0.146304 
0.361244 0.702306 0.96599 0.914454 0.613335 0.270012 0.201713 0.472133 0.982873 0.594808 0.670007 0.47274 0.923479 0.207939 0.904514 0.340759 0.0197959 0.30782 0.783066 0.000963616 0.236045 0.228528 0.16497 0.786776 0.978377 0.823278 0.723677 0.1857 0.161778 0.0689984 0.809398 0.602901 0.579629 0.234261 0.589157 0.546101 0.875796 0.675485 0.42019 0.615154 0.999699 0.540546 0.0482491 0.479878 0.0799009 0.704948 0.425872 0.702147 0.713052 0.611124 0.797409 0.417627 0.402307 0.27487 0.763941 0.641094 0.190814 0.456717 0.0717867 0.52489 0.675433 0.936805 0.954959 0.831085 
0.546484 0.662619 0.409352 0.687947 0.144919 0.544119 0.408562 0.263947 0.416068 0.146533 0.325055 0.416584 0.226291 0.997081 0.567407 0.178494 0.903568 0.258639 0.659143 0.467749 0.0327786 0.542526 0.240833 0.00655533 0.785872 0.46843 0.580995 0.329773 0.671778 0.692162 0.428308 0.890056 0.0855623 0.34825 0.109149 0.109996 0.714196 0.47147 0.337326 0.427887 0.129195 0.844305 0.206485 0.78828 0.24758 0.862219 0.651848 0.564238 0.806447 0.757283 0.976653 0.628555 0.619752 0.480514 0.12031 0.762575 0.714813 0.0295501 0.246081 0.72955 0.660275 0.623792 0.808592 0.458789 
0.187552 0.273874 0.103528 0.701805 0.486747 0.517313 0.188507 0.986526 0.789528 0.980219 0.61318 0.233496 0.07825 0.591572 0.275555 0.800026 0.795842 0.517073 0.633497 0.501605 0.13902 0.6087 0.883814 0.808712 0.857684 0.414572 0.805284 0.841059 0.19279 0.898121 0.0317529 0.213123 0.303886 0.793344 0.0234962 0.605282 0.687035 0.427204 0.140344 0.232916 0.678909 0.526845 0.877205 0.81966 0.349089 0.374368 0.290884 0.0354942 0.766452 0.122658 0.301913 0.252082 0.243921 0.786764 0.862017 0.0330796 0.830769 0.666866 0.39777 0.380675 0.69589 0.117287 0.338013 0.716014 
0.920833 0.310657 0.695756 0.722602 0.0332551 0.15657 0.755182 0.593586 0.205783 0.441906 0.632427 0.755026 0.637381 0.59352 0.228234 0.145581 0.377776 0.820043 0.43548 0.912023 0.00338411 0.758012 0.14787 0.920846 0.753513 0.820609 0.179715 0.463254 0.327163 0.208035 0.764032 0.410885 0.183563 0.207114 0.687426 0.471594 0.538758 0.398473 0.109615 0.334528 0.920868 0.619342 0.0762457 0.640037 0.0088596 0.59006 0.0453427 0.987615 0.51764 0.533195 0.510629 0.670058 0.0751406 0.0809276 0.326276 0.828657 0.980419 0.300169 0.847042 0.873739 0.327421 0.0835796 0.549056 0.932825 
0.075071 0.878015 0.286993 0.834602 0.0737054 0.716923 0.897591 0.184655 0.731556 0.775842 0.142298 0.199106 0.5824 0.645382 0.738899 0.634807 0.720499 0.937297 0.295057 0.377443 0.190698 0.0322716 0.928727 0.622227 0.062077 0.148911 0.822624 0.923484 0.162058 0.850576 0.0576403 0.621735 0.692033 0.519099 0.350977 0.138812 0.661179 0.967387 0.924123 0.313891 0.352116 0.780913 0.846156 0.217395 0.325991 0.259765 0.0881844 0.201804 0.599046 0.0988277 0.865547 0.237673 0.882316 0.578967 0.0648279 0.534947 0.899467 0.115651 0.329737 0.514115 0.0592092 0.143903 0.895737 0.0957228 
0.156716 0.722663 0.00590503 0.680478 0.324896 0.600929 0.761749 0.354287 0.949703 0.547753 0.814779 0.0932581 0.134023 0.0272541 0.577207 0.0325497 0.443531 0.531364 0.544687 0.947177 0.685022 0.195932 0.0724932 0.842274 0.694926 0.891514 0.86699 0.626512 0.0725783 0.412587 0.002395 0.676324 0.0302345 0.33767 0.0977317 0.885229 0.534769 0.60544 0.350203 0.378219 0.30723 0.348048 0.0623706 0.664931 0.0631628 0.54624 0.289744 0.718958 0.427749 0.096119 0.834193 0.83604 0.557521 0.316233 0.571895 0.98682 0.85239 0.317595 0.132905 0.322668 0.737084 0.717774 0.677838 0.625228 
0.527711 0.413535 0.871299 0.195418 0.4374 0.153462 0.631537 0.109792 0.83776 0.871323 0.513572 0.431839 0.594578 0.79881 0.0740608 0.765547 0.856704 0.154624 0.718917 0.250136 0.277093 0.854214 0.484273 0.625196 0.411971 0.479685 0.634605 0.56404 0.099139 0.921388 0.146886 0.960011 0.304003 0.374546 0.378708 0.694872 0.712818 0.284885 0.0948447 0.572884 0.274464 0.164496 0.770137 0.942911 0.422179 0.215174 0.447436 0.119678 0.103481 0.855762 0.208451 0.857221 0.780251 0.455859 0.18855 0.557059 0.263378 0.2344 0.734422 0.129031 0.510843 0.395897 0.0527887 0.653611 
0.443588 0.949692 0.111483 0.299648 0.660905 0.36927 0.451402 0.381436 0.640587 0.312915 0.841406 0.16263 0.840453 0.401964 0.147557 0.67332 0.0497317 0.70663 0.987081 0.678266 0.459371 0.240902 0.692151 0.385249 0.103801 0.252683 0.136389 0.919489 0.558578 0.639807 0.373037 0.105022 0.714071 0.200657 0.785732 0.622428 0.529519 0.10397 0.717144 0.340247 0.910484 0.920538 0.348713 0.545347 0.637283 0.759458 0.679083 0.849883 0.0579421 0.993343 0.125952 0.614736 0.617759 0.0780898 0.180792 0.946391 0.198204 0.130493 0.848402 0.886336 0.433556 0.26734 0.614608 0.074271 
0.711396 0.144999 0.812887 0.232836 0.491701 0.941504 0.00354467 0.973965 0.22285 0.608151 0.55004 0.980955 0.576734 0.188803 0.0444355 0.706592 0.966502 0.444048 0.231949 0.751084 0.800566 0.90942 0.48347 0.913886 0.863591 0.258811 0.343383 0.971102 0.298244 0.983277 0.987639 0.0748859 0.158409 0.85387 0.928058 0.197 0.132466 0.43113 0.405836 0.601623 0.770935 0.568546 0.498807 0.992857 0.15331 0.388388 0.442028 0.97716 0.783042 0.9599 0.556151 0.41963 0.449797 0.860703 0.390512 0.985109 0.1141 0.181692 0.567188 0.0612847 0.347901 0.233544 0.486267 0.47436 
0.490609 0.223162 0.266388 0.0213596 0.274401 0.27981 0.112053 0.441803 0.184348 0.571595 0.245002 0.132863 0.425649 0.197918 0.799998 0.449784 0.688399 0.614167 0.977926 0.364465 0.702494 0.501308 0.153498 0.682618 0.889234 0.903221 0.0171195 0.215834 0.428172 0.305228 0.651857 0.269034 0.393057 0.938629 0.0394976 0.0902445 0.250505 0.0419199 0.7268 0.928727 0.266289 0.733856 0.995371 0.81654 0.320217 0.841301 0.251064 0.119132 0.904638 0.516629 0.510474 0.172816 0.943688 0.473404 0.119298 0.479586 0.807812 0.888097 0.280229 0.670625 0.579166 0.922664 0.387219 0.907395 
0.699587 0.598213 0.367488 0.839235 0.227467 0.961974 0.43442 0.630062 0.830366 0.785956 0.356075 0.304757 0.291803 0.220088 0.962562 0.284974 0.304189 0.577183 0.897255 0.48939 0.105681 0.949456 0.268179 0.786015 0.9413 0.0239797 0.854644 0.0487976 0.450823 0.293226 0.55389 0.36675 0.537664 0.0258274 0.67919 0.109868 0.411705 0.0173435 0.601746 0.444799 0.351387 0.120909 0.0146684 0.875504 0.0270675 0.887951 0.299443 0.952686 0.0977483 0.616862 0.330422 0.742227 0.725517 0.525705 0.053916 0.146615 0.0370748 0.21948 0.768095 0.592263 0.71187 0.41146 0.0733667 0.0789927 
0.660549 0.369766 0.430656 0.778881 0.840782 0.795169 0.144622 0.716498 0.974169 0.8044 0.179923 0.752739 0.921798 0.833714 0.947586 0.927131 0.633971 0.0275561 0.109351 0.263484 0.0666017 0.56632 0.213828 0.05371 0.429443 0.461429 0.344111 0.822493 0.359719 0.222677 0.314127 0.900526 0.207805 0.742314 0.699002 0.962389 0.411549 0.683642 0.907629 0.137388 0.0811412 0.442228 0.422387 0.869586 0.816783 0.247238 0.371623 0.380354 0.551321 0.946606 0.57643 0.852165 0.102303 0.535467 0.00920214 0.749837 0.553157 0.580915 0.781199 0.164409 0.693051 0.558841 0.873463 0.131857 
0.248532 0.458983 0.629139 0.16594 0.903039 0.392932 0.776002 0.236699 0.905039 0.770024 0.0411753 0.851498 0.314766 0.936975 0.464463 0.804293 0.434555 0.145061 0.827889 0.201988 0.257511 0.910756 0.612272 0.279196 0.0487057 0.287046 0.893174 0.608829 0.764448 0.652238 0.507507 0.837458 0.0938395 0.0613354 0.964159 0.99371 0.634233 0.252206 0.791104 0.284182 0.319126 0.277532 0.123398 0.906417 0.906109 0.511352 0.633675 0.539239 0.629413 0.979251 0.901328 0.900321 0.587284 0.530857 0.412736 0.987689 0.212122 0.312749 0.543463 0.741823 0.268437 0.144921 0.25029 0.532957 
0.489837 0.857974 0.00690814 0.332321 0.888834 0.559263 0.40203 0.0107731 0.968376 0.294308 0.268113 0.941472 0.62318 0.99216 0.280265 0.649984 0.0690025 0.552747 0.263571 0.757752 0.402721 0.816899 0.00598588 0.956235 0.964937 0.202583 0.654335 0.933314 0.0484236 0.549322 0.236274 0.216893 0.977947 0.706258 0.493462 0.760167 0.792229 0.991027 0.677935 0.46463 0.637875 0.839537 0.403341 0.0958521 0.596188 0.478749 0.777516 0.652463 0.70875 0.396711 0.978442 0.782591 0.309207 0.500526 0.27754 0.461454 0.390846 0.392951 0.13323 0.627435 0.837789 0.347585 0.62725 0.528183 
0.451106 0.0678555 0.0693823 0.640273 0.880846 0.307164 0.378782 0.762206 0.124841 0.609614 0.482241 0.863456 0.557065 0.183886 0.539468 0.347766 0.514639 0.730191 0.502269 0.324325 0.341907 0.729914 0.567755 0.607387 0.155744 0.681784 0.404779 0.34198 0.899662 0.469687 0.566984 0.160881 0.611209 0.130572 0.167367 0.552897 0.530106 0.295251 0.000528453 0.801096 0.584633 0.60881 0.662524 0.283715 0.958555 0.0674132 0.182626 0.384197 0.167679 0.934579 0.08591 0.532542 0.242052 0.961052 0.311765 0.066818 0.93183 0.281058 0.54042 0.0196567 0.0236501 0.426183 0.838024 0.951133 
0.784899 0.109769 0.565785 0.818393 0.426053 0.780685 0.960747 0.911356 0.607788 0.813036 0.0862728 0.583151 0.0059254 0.623681 0.0485452 0.115903 0.679805 0.209753 0.0705134 0.0666769 0.417205 0.524316 0.402479 0.332576 0.993497 0.63356 0.190312 0.937743 0.979982 0.231184 0.966796 0.0324186 0.440569 0.296865 0.417322 0.943361 0.900171 0.209097 0.31155 0.879074 0.130817 0.99283 0.355745 0.884282 0.682314 0.545402 0.0813717 0.532244 0.358107 0.707705 0.608716 0.0373129 0.915635 0.0970114 0.0256726 0.324397 0.795904 0.426677 0.984706 0.686846 0.230338 0.933998 0.528072 0.157797 
0.187414 0.902772 0.183514 0.701481 0.443963 0.897604 0.506084 0.0860036 0.601007 0.101031 0.63013 0.336771 0.195713 0.952987 0.0742303 0.997197 0.604282 0.498355 0.490069 0.967533 0.993025 0.39109 0.54073 0.116758 0.762538 0.790215 0.727121 0.547073 0.92125 0.545186 0.102198 0.603585 0.166996 0.627989 0.47419 0.575661 0.696387 0.84692 0.620262 0.27114 0.95478 0.468763 0.970805 0.57966 0.274704 0.172762 0.522451 0.371556 0.0897753 0.476119 0.145145 0.0963282 0.117687 0.00841447 0.509422 0.294347 0.795766 0.0631373 0.494171 0.742165 0.933476 0.227225 0.700742 0.00142578 
0.852896 0.618863 0.546883 0.388071 0.570091 0.743767 0.254968 0.810657 0.83603 0.451699 0.503918 0.695056 0.444806 0.841425 0.444819 0.570655 0.230416 0.873046 0.60972 0.782258 0.990082 0.508752 0.520026 0.221456 0.571132 0.17021 0.408097 0.171454 0.394513 0.852862 0.959415 0.196567 0.320602 0.623447 0.878714 0.0864096 0.156464 0.774214 0.820223 0.300232 0.737109 0.221896 0.37514 0.372109 0.006334 0.892741 0.430722 0.954957 0.306176 0.56315 0.682874 0.908174 0.0132517 0.354576 0.811241 0.53873 0.735734 0.901723 0.80101 0.325159 0.051641 0.667101 0.623727 0.658053 
0.236015 0.763059 0.0135872 0.963506 0.220826 0.751898 0.384358 0.371139 0.126989 0.473591 0.5611 0.885855 0.71677 0.663658 0.232543 0.556375 0.789025 0.835155 0.469552 0.887804 0.433454 0.690054 0.108341 0.75998 0.744026 0.640229 0.728396 0.515682 0.519667 0.424968 0.0692248 0.456725 0.874103 0.181037 0.00979565 0.752005 0.445924 0.47793 0.0907254 0.969532 0.407712 0.125461 0.632676 0.376557 0.536204 0.804457 0.408808 0.934236 0.363532 0.413677 0.800961 0.624232 0.118282 0.884791 0.0733165 0.0104823 0.937756 0.899223 0.529249 0.323047 0.172174 0.241443 0.0973444 0.51535 
0.0115201 0.628162 0.525861 0.654233 0.601883 0.528569 0.318137 0.73427 0.248626 0.0766174 0.94908 0.903901 0.991361 0.564909 0.960499 0.936814 0.128867 0.0634026 0.516002 0.87792 0.977417 0.0947704 0.22683 0.502296 0.849819 0.269277 0.17172 0.0129904 0.626166 0.658071 0.100471 0.692834 0.916428 0.833218 0.252946 0.343603 0.24008 0.619595 0.160418 0.245369 0.846251 0.597098 0.809734 0.46295 0.324585 0.113048 0.808424 0.161611 0.970221 0.902551 0.134733 0.700939 0.954379 0.810261 0.997361 0.982221 0.106517 0.765109 0.108147 0.866937 0.363748 0.780934 0.852134 0.927003 
0.0713681 0.957584 0.117486 0.633237 0.184615 0.751373 0.833946 0.892383 0.64843 0.104523 0.706241 0.84495 0.000763703 0.302826 0.662874 0.17189 0.92422 0.399008 0.76684 0.3771 0.704563 0.187607 0.505478 0.988777 0.946452 0.507987 0.601149 0.85969 0.688753 0.325603 0.753206 0.508901 0.200001 0.16435 0.822505 0.747223 0.711893 0.52385 0.91097 0.154597 0.0515943 0.388805 0.439865 0.321693 0.868281 0.898964 0.509896 0.597569 0.534925 0.739064 0.11233 0.70314 0.961664 0.134644 0.132994 0.663118 0.073677 0.625438 0.570945 0.142727 0.992129 0.435219 0.397034 0.50692 
0.524975 0.207361 0.285752 0.0605677 0.958525 0.476327 0.812237 0.125094 0.470651 0.274355 0.104261 0.37649 0.113613 0.874331 0.183547 0.771069 0.404737 0.684427 0.804502 0.0927901 0.11922 0.906233 0.122716 0.042837 0.625604 0.459017 0.39306 0.388314 0.939204 0.922999 0.368459 0.522639 0.501054 0.32066 0.583556 0.853747 0.0883778 0.495829 0.352203 0.521757 0.625937 0.142615 0.515631 0.67248 0.307562 0.357087 0.201575 0.0354604 0.148187 0.13549 0.957181 0.811267 0.882591 0.444382 0.569622 0.548463 0.173252 0.563489 0.0762753 0.326206 0.52 0.3731 0.14959 0.947098 
0.302235 0.841247 0.988926 0.46928 0.193713 0.562305 0.810445 0.723462 0.304015 0.721179 0.744537 0.978848 0.362738 0.192311 0.341396 0.727175 0.0279726 0.413026 0.6249 0.703473 0.0749681 0.180275 0.434724 0.870678 0.755603 0.289487 0.0958825 0.262288 0.708843 0.661499 0.633587 0.407815 0.66391 0.996061 0.250753 0.818292 0.588931 0.988576 0.389334 0.190427 0.621674 0.334273 0.774209 0.0242635 0.592425 0.899292 0.762381 0.940974 0.0871826 0.949412 0.789 0.286603 0.360031 0.583194 0.293487 0.941895 0.286639 0.395158 0.148976 0.00825819 0.431157 0.0674746 0.614618 0.902903 
0.584121 0.358817 0.0116603 0.599139 0.675126 0.06408 0.770643 0.444695 0.583463 0.33875 0.210863 0.208815 0.63737 0.870373 0.867421 0.70467 0.206356 0.224744 0.151551 0.104622 0.180871 0.780004 0.407218 0.877046 0.775817 0.106174 0.912497 0.825572 0.167874 0.32598 0.445897 0.568799 0.622725 0.625636 0.544707 0.363174 0.754958 0.510487 0.765738 0.636875 0.623956 0.0534678 0.132857 0.59303 0.708781 0.676799 0.317279 0.744958 0.665236 0.187636 0.146192 0.698726 0.627549 0.37968 0.0598234 0.559617 0.261942 0.373729 0.186736 0.190605 0.801273 0.275767 0.66196 0.768891 
0.141732 0.206322 0.732699 0.793483 0.335433 0.768165 0.935724 0.434336 0.357814 0.745308 0.243237 0.680903 0.870336 0.719317 0.830083 0.347245 0.74145 0.749091 0.252976 0.326186 0.847083 0.709734 0.22547 0.349549 0.811669 0.754652 0.519991 0.120984 0.270782 0.629293 0.857077 0.612863 0.0556262 0.213535 0.0073968 0.452517 0.904333 0.5378 0.22661 0.0775841 0.673685 0.437957 0.334025 0.274524 0.654476 0.196922 0.87327 0.331141 0.352893 0.288909 0.00346588 0.313229 0.206583 0.913223 0.726801 0.599269 0.151236 0.489012 0.212609 0.322997 0.51319 0.580326 0.162582 0.817662 
0.140625 0.42959 0.874424 0.777693 0.80716 0.610524 0.520765 0.650604 0.175242 0.553987 0.911949 0.838504 0.977572 0.493216 0.677966 0.787211 0.37225 0.0207377 0.501276 0.893552 0.882794 0.954139 0.512359 0.850428 0.180746 0.561204 0.447471 0.462376 0.188048 0.427039 0.289931 0.378227 0.438584 0.269148 0.546102 0.201489 0.711904 0.0470415 0.290747 0.455527 0.755707 0.803439 0.265429 0.839615 0.33973 0.757839 0.417659 0.923581 0.502673 0.637576 0.987645 0.364758 0.770953 0.83545 0.0189729 0.260524 0.91963 0.973967 0.493764 0.238851 0.451426 0.838205 0.695685 0.287797 
