16 16
0.894437 0.55971 0.57728 0.139099 0.0535324 0.908978 0.00240401 0.448033 0.688727 0.551543 0.491299 0.240235 0.355564 0.757875 0.399293 0.000499469 
0.873407 0.132942 0.719916 0.241706 0.408998 0.164666 0.328213 0.497185 0.0122971 0.870515 0.901217 0.435433 0.712788 0.261562 0.566953 0.680985 
0.130815 0.781483 0.44498 0.685676 0.335775 0.231505 0.398888 0.342838 0.410285 0.510122 0.438699 0.670468 0.682362 0.66766 0.211661 0.169812 
0.527318 0.607006 0.517557 0.608862 0.503413 0.265924 0.894058 0.513166 0.373431 0.631078 0.349891 0.904127 0.00818723 0.444235 0.433436 0.777857 
0.980165 0.816695 0.475124 0.778138 0.815265 0.295466 0.0144726 0.0406207 0.430209 0.85512 0.360668 0.316831 0.149628 0.0638859 0.397222 0.145806 
0.143844 0.0105999 0.499342 0.739855 0.637069 0.219117 0.0224319 0.757172 0.687626 0.0224431 0.265551 0.545713 0.908769 0.0947842 0.834202 0.0921166 
0.171149 0.0768396 0.372608 0.786274 0.468444 0.567754 0.423425 0.534302 0.683154 0.32911 0.426416 0.398321 0.162743 0.209654 0.814457 0.467803 
0.050383 0.290015 0.160084 0.275215 0.469674 0.030624 0.305031 0.0783056 0.623386 0.877452 0.44348 0.884333 0.583753 0.662441 0.063667 0.777692 
0.265989 0.594533 0.117558 0.721802 0.222318 0.403305 0.22375 0.54537 0.182976 0.962915 0.745465 0.208433 0.994431 0.582051 0.770249 0.508937 
0.790229 0.435851 0.461853 0.908028 0.798877 0.662015 0.0149828 0.957623 0.565513 0.986565 0.131931 0.333427 0.92012 0.83793 0.804057 0.9288 
0.356471 0.742147 0.348059 0.190284 0.832552 0.718666 0.626702 0.707162 0.534414 0.189025 0.741643 0.494602 0.131052 0.232823 0.57295 0.874911 
0.84622 0.223266 0.480368 0.277214 0.787844 0.544274 0.263594 0.393969 0.113157 0.228327 0.664745 0.560138 0.621842 0.499245 0.114948 0.0909696 
0.494648 0.303199 0.326073 0.267462 0.768025 0.0128413 0.000784059 0.47235 0.585609 0.220505 0.134748 0.260541 0.347276 0.875709 0.982939 0.89935 
0.710572 0.500116 0.59791 0.723858 0.95213 0.386783 0.580908 0.0823125 0.0611243 0.732358 0.853716 0.949478 0.592896 0.745913 0.438702 0.474637 
0.421244 0.204289 0.45643 0.357792 0.483257 0.867584 0.406709 0.930292 0.233788 0.149678 0.532096 0.0785706 0.0827873 0.108906 0.678446 0.404369 
0.679345 0.899741 0.348955 0.674333 0.905526 0.132318 0.139543 0.855925 0.579913 0.329601 0.91354 0.17719 0.123309 0.815536 0.0183374 0.371394 
