16 16
0.966471 0.0441514 0.457294 0.660719 0.89784 0.89155 0.966371 0.799896 0.880855 0.863506 0.984063 0.599271 0.530888 0.688252 0.744084 0.499517 
0.843439 0.98736 0.572256 0.298746 0.0897476 0.885181 0.584249 0.0693674 0.86594 0.844867 0.632799 0.265621 0.281381 0.72014 0.518901 0.483752 
0.161313 0.314179 0.846902 0.979195 0.304937 0.0876294 0.701817 0.992782 0.658382 0.172868 0.356678 0.186618 0.711253 0.753185 0.478151 0.980701 
0.343476 0.888026 0.144015 0.681296 0.582358 0.458878 0.267687 0.651005 0.802116 0.316883 0.215109 0.675093 0.811533 0.636793 0.939823 0.591789 
0.649538 0.420005 0.657673 0.141413 0.667104 0.3823 0.945076 0.124525 0.421446 0.585323 0.753916 0.188849 0.936028 0.124986 0.0308086 0.403496 
0.697869 0.36005 0.20557 0.961049 0.162283 0.0452361 0.895323 0.695142 0.611952 0.103002 0.799554 0.13894 0.0879798 0.207618 0.142325 0.021697 
0.720616 0.985615 0.497568 0.440808 0.9189 0.472998 0.738801 0.982912 0.884503 0.269465 0.456808 0.77056 0.500399 0.514556 0.475285 0.699032 
0.485355 0.420737 0.241382 0.746 0.633401 0.428806 0.899764 0.422298 0.791767 0.186521 0.127625 0.429291 0.845741 0.365375 0.189983 0.617091 
0.390765 0.511832 0.824085 0.19045 0.994741 0.768653 0.290233 0.603427 0.574421 0.718017 0.688805 0.536933 0.800248 0.32759 0.447883 0.379006 
0.731076 0.811293 0.745801 0.621817 0.548208 0.985755 0.850076 0.797829 0.491315 0.118612 0.0231106 0.553088 0.282119 0.591449 0.281071 0.01489 
0.447325 0.44011 0.630099 0.201294 0.421225 0.571801 0.199443 0.892519 0.384378 0.452794 0.0988591 0.430096 0.774823 0.0601018 0.643265 0.867196 
0.196741 0.899077 0.838005 0.848902 0.478502 0.997169 0.150671 0.304865 0.487719 0.437242 0.17992 0.611164 0.978423 0.50508 0.4977 0.498663 
0.462294 0.145972 0.0268831 0.764315 0.399896 0.0223738 0.900482 0.477693 0.824111 0.933656 0.0725862 0.580428 0.49527 0.391505 0.28013 0.102671 
0.671349 0.116383 0.229261 0.730862 0.115956 0.542119 0.342189 0.364169 0.0548307 0.467886 0.25439 0.170685 0.565633 0.363874 0.164276 0.342845 
0.650258 0.106128 0.323165 0.13514 0.916554 0.591737 0.0268169 0.179949 0.690383 0.224943 0.251594 0.712372 0.13344 0.847784 0.77255 0.227683 
0.791354 0.788059 0.308328 0.0852454 0.731942 0.796843 0.186794 0.958377 0.349459 0.825769 0.610499 0.575533 0.606276 0.83313 0.586912 0.642588 
