32 32
0.634722 0.959241 0.155612 0.405206 0.361966 0.0112108 0.49241 0.0786486 0.124638 0.426435 0.35685 0.899852 0.1466 0.0993176 0.755445 0.748356 0.248345 0.408394 0.592783 0.373931 0.831566 0.898675 0.416733 0.0664144 0.0720592 0.38312 0.404763 0.770519 0.634372 0.680583 0.40641 0.231855 
0.494301 0.535449 0.793669 0.905436 0.765608 0.226851 0.899945 0.120533 0.935034 0.301854 0.183856 0.336642 0.142852 0.268913 0.549566 0.0594164 0.601496 0.0711827 0.857774 0.594564 0.58545 0.406631 0.920165 0.239109 0.710363 0.447563 0.352302 0.681869 0.15537 0.758775 0.577705 0.85655 
0.00417425 0.336805 0.228066 0.317236 0.68729 0.794527 0.671302 0.753448 0.335393 0.75515 0.0345415 0.933469 0.763097 0.834416 0.0397428 0.200426 0.832257 0.997586 0.305971 0.258662 0.942628 0.0224371 0.728858 0.962263 0.780789 0.330378 0.707764 0.363463 0.238706 0.809805 0.305713 0.688873 
0.914534 0.0376888 0.580476 0.0622975 0.636196 0.153388 0.726677 0.713 0.196715 0.334842 0.81505 0.397074 0.644555 0.0193176 0.370572 0.598924 0.834595 0.0458094 0.280652 0.513668 0.40424 0.291643 0.575488 0.945353 0.777017 0.30344 0.212986 0.11783 0.528925 0.732673 0.354035 0.842623 
0.575734 0.787816 0.236597 0.235519 0.97155 0.258516 0.385181 0.440149 0.406457 0.451358 0.0276314 0.212564 0.292837 0.494019 0.945698 0.640781 0.285234 0.467631 0.78219 0.593349 0.169207 0.0117873 0.594466 0.95593 0.0589055 0.184288 0.061181 0.904394 0.34539 0.528695 0.630034 0.750931 
0.804639 0.985479 0.466875 0.181636 0.867798 0.370444 0.966929 0.786612 0.847349 0.840113 0.273758 0.126929 0.254613 0.262272 0.0546343 0.701558 0.143076 0.0782642 0.103005 0.857943 0.676632 0.901565 0.87234 0.629833 0.14429 0.791755 0.795204 0.773849 0.967641 0.306276 0.3514 0.44789 
0.608883 0.472905 0.248148 0.932294 0.212428 0.549937 0.518736 0.279995 0.121773 0.87146 0.477952 0.796796 0.648393 0.759306 0.735503 0.956861 0.130505 0.194819 0.58013 0.777187 0.837456 0.621354 0.615907 0.139529 0.00258054 0.748506 0.185043 0.650636 0.910609 0.601164 0.174343 0.897896 
0.12267 0.0882576 0.806326 0.78263 0.868114 0.46064 0.917442 0.48763 0.180947 0.698619 0.837145 0.298882 0.806057 0.720186 0.556137 0.313019 0.360233 0.326279 0.211421 0.667961 0.159376 0.222838 0.454413 0.430149 0.503629 0.356411 0.947502 0.976876 0.160898 0.85841 0.069602 0.0471807 
0.354677 0.226383 0.2045 0.758278 0.823864 0.791785 0.370601 0.623243 0.368435 0.229994 0.985205 0.0426134 0.428647 0.554784 0.709111 0.997976 0.330838 0.797468 0.295771 0.717949 0.332235 0.743059 0.326732 0.190765 0.938376 0.0909964 0.894915 0.766577 0.297963 0.634554 0.261333 0.063077 
0.779339 0.413751 0.963737 0.995563 0.196912 0.759932 0.949994 0.97849 0.770199 0.913513 0.693613 0.467727 0.88775 0.235814 0.214574 0.460177 0.681473 0.287316 0.725113 0.0107047 0.658119 0.690477 0.848339 0.633264 0.319616 0.920344 0.927592 0.423654 0.46809 0.462875 0.817106 0.602501 
0.145955 0.666491 0.237865 0.354004 0.642089 0.0339995 0.548619 0.963471 0.284664 0.813403 0.135207 0.903986 0.189205 0.66827 0.101548 0.942903 0.0939823 0.460905 0.565553 0.573619 0.748169 0.106283 0.209757 0.810329 0.657823 0.0461953 0.856711 0.693364 0.62628 0.651002 0.749089 0.787187 
0.18599 0.178149 0.190374 0.183256 0.225735 0.866554 0.267779 0.270581 0.851399 0.269417 0.121058 0.927521 0.921694 0.868816 0.677896 0.142607 0.511451 0.18256 0.323863 0.959087 0.256489 0.554562 0.159071 0.790757 0.721032 0.223974 0.95589 0.285876 0.977037 0.0900161 0.463076 0.322379 
0.742056 0.725729 0.898981 0.958559 0.845355 0.0470708 0.562716 0.299864 0.650698 0.678177 0.536888 0.758156 0.208688 0.506737 0.462905 0.38759 0.943211 0.9024 0.172212 0.526516 0.141372 0.429924 0.334298 0.0315601 0.377652 0.608402 0.437588 0.892641 0.938219 0.868403 0.744333 0.614752 
0.0541719 0.382611 0.179118 0.147276 0.81903 0.853386 0.247257 0.116636 0.67879 0.229406 0.0890609 0.767161 0.732543 0.146244 0.896575 0.566633 0.798233 0.602577 0.0695067 0.852807 0.952036 0.167133 0.591414 0.889684 0.946431 0.650025 0.423332 0.801555 0.618307 0.398831 0.187141 0.0708962 
0.548402 0.61032 0.780776 0.62336 0.0973674 0.743721 0.700619 0.243123 0.230481 0.382843 0.16608 0.707665 0.375633 0.294175 0.61797 0.99775 0.919502 0.448096 0.680637 0.436206 0.169322 0.274526 0.263889 0.755732 0.802143 0.907535 0.0390261 0.186591 0.407116 0.785823 0.914336 0.900846 
0.974103 0.959849 0.778469 0.906536 0.587906 0.599557 0.527665 0.624004 0.170682 0.532337 0.511692 0.651325 0.63076 0.515815 0.121235 0.61173 0.673801 0.143649 0.76124 0.840144 0.175998 0.37915 0.734091 0.657637 0.928403 0.05644 0.368723 0.181145 0.314429 0.884946 0.0806534 0.765351 
0.577453 0.396595 0.818806 0.248512 0.655061 0.184773 0.809429 0.371911 0.397153 0.96457 0.151139 0.231029 0.498449 0.534766 0.998795 0.7557 0.96588 0.265493 0.256179 0.00805126 0.881827 0.590635 0.0551242 0.221676 0.399105 0.850701 0.547517 0.691995 0.989121 0.703709 0.139265 0.275724 
0.450035 0.0684447 0.855415 0.0812963 0.4378 0.575282 0.150287 0.762429 0.849615 0.425512 0.498832 0.103505 0.409203 0.925992 0.577772 0.297053 0.471428 0.152533 0.930293 0.944351 0.455618 0.180185 0.543548 0.261644 0.193464 0.860855 0.436082 0.239324 0.15981 0.644764 0.243319 0.386118 
0.306573 0.183971 0.115227 0.787719 0.651163 0.822651 0.717033 0.144911 0.265971 0.339585 0.645797 0.714611 0.249668 0.123042 0.666041 0.666523 0.111882 0.868134 0.58517 0.864366 0.129748 0.917891 0.946006 0.405814 0.114565 0.909893 0.516647 0.320131 0.762134 0.463386 0.971853 0.28209 
0.653922 0.298758 0.376452 0.235383 0.348083 0.326625 0.623652 0.587098 0.729933 0.769614 0.915248 0.674746 0.138621 0.588458 0.466567 0.498631 0.0753196 0.660192 0.297816 0.375856 0.196926 0.170508 0.0280485 0.401683 0.36656 0.888078 0.646336 0.994381 0.0212857 0.936862 0.426447 0.0224586 
0.572844 0.0312317 0.58865 0.237212 0.879075 0.417989 0.372178 0.406617 0.727614 0.674717 0.988272 0.137426 0.721322 0.117869 0.233565 0.976903 0.841697 0.193087 0.856014 0.251051 0.937728 0.97182 0.23921 0.353432 0.633142 0.22857 0.241636 0.207955 0.226031 0.0630945 0.0380017 0.0168653 
0.090135 0.205349 0.63142 0.785189 0.349323 0.00862705 0.718748 0.421795 0.859679 0.767355 0.877217 0.194962 0.301148 0.828965 0.106237 0.697942 0.00083376 0.669982 0.769833 0.483312 0.898366 0.653724 0.52862 0.613733 0.44058 0.649641 0.962496 0.486269 0.191117 0.824281 0.0933984 0.285064 
0.387737 0.879912 0.343072 0.72815 0.195561 0.506195 0.170978 0.0859796 0.381463 0.693418 0.225425 0.0819722 0.541022 0.924464 0.694082 0.786403 0.0825216 0.242217 0.785915 0.889081 0.934182 0.386991 0.075196 0.0422632 0.525082 0.70701 0.873081 0.263204 0.271026 0.0745699 0.916869 0.195657 
0.0010712 0.928111 0.235623 0.101919 0.319505 0.274798 0.927882 0.279591 0.586867 0.521434 0.066137 0.101069 0.81326 0.490789 0.89493 0.650421 0.862906 0.489354 0.606224 0.843183 0.556822 0.713544 0.468084 0.154879 0.303192 0.500493 0.750929 0.132975 0.289932 0.326708 0.0770942 0.645253 
0.576534 0.402023 0.749108 0.164379 0.153459 0.866481 0.627759 0.203402 0.109581 0.989374 0.929245 0.0825193 0.968576 0.276628 0.371541 0.0751522 0.319518 0.613851 0.135965 0.807135 0.171203 0.638691 0.0234681 0.135292 0.872563 0.185783 0.31709 0.778964 0.550518 0.528223 0.771228 0.13641 
0.882531 0.333921 0.300899 0.705026 0.278708 0.00208962 0.96792 0.243615 0.466216 0.11067 0.293576 0.853867 0.182118 0.450955 0.842002 0.924529 0.878762 0.328681 0.709168 0.945993 0.996929 0.436366 0.398248 0.401721 0.0289336 0.390454 0.595039 0.531828 0.366222 0.418063 0.164474 0.135326 
0.298344 0.887089 0.831197 0.687414 0.12902 0.37416 0.600353 0.174254 0.938969 0.980728 0.619294 0.139083 0.691487 0.831094 0.544161 0.132803 0.902907 0.0295854 0.151681 0.399026 0.36939 0.609966 0.955802 0.923514 0.678519 0.731325 0.995322 0.156988 0.839883 0.771799 0.35548 0.296119 
0.116005 0.371567 0.93695 0.0727417 0.778878 0.76174 0.7655 0.345166 0.608464 0.490183 0.424921 0.0709638 0.0890872 0.984658 0.45033 0.156012 0.578228 0.693868 0.625705 0.451595 0.248374 0.879277 0.136338 0.849412 0.515794 0.147849 0.445433 0.883426 0.458853 0.908307 0.652072 0.444863 
0.435029 0.17067 0.102002 0.464722 0.240687 0.538464 0.0623467 0.908937 0.604172 0.383533 0.294374 0.478444 0.84704 0.41718 0.0360394 0.820039 0.235159 0.960444 0.117313 0.198438 0.477648 0.526023 0.440426 0.516574 0.454596 0.678053 0.676994 0.686547 0.327119 0.00826946 0.0853875 0.612398 
0.502548 0.470291 0.0624203 0.908427 0.101728 0.459425 0.433874 0.983115 0.802209 0.100431 0.82937 0.761594 0.250902 0.483774 0.0982902 0.752559 0.386442 0.0654266 0.711126 0.493661 0.853151 0.668877 0.575262 0.968891 0.59355 0.633103 0.991772 0.440706 0.548698 0.384249 0.663183 0.256388 
0.107871 0.999454 0.888997 0.72176 0.41679 0.749121 0.778385 0.606647 0.38958 0.22289 0.441502 0.646619 0.154808 0.0627988 0.153071 0.649995 0.411411 0.0350974 0.118845 0.431967 0.611992 0.864707 0.771766 0.0412308 0.397553 0.726266 0.310065 0.597303 0.903456 0.0176209 0.663737 0.688684 
0.441332 0.00290774 0.280755 0.697185 0.207075 0.409658 0.0883857 0.873699 0.30964 0.293731 0.00714106 0.690982 0.258229 0.485602 0.847726 0.100936 0.0298595 0.0548126 0.906621 0.39574 0.503684 0.647495 0.324599 0.397947 0.54557 0.910406 0.0422404 0.64027 0.430378 0.621801 0.35122 0.388808 
