32 32
0.88901 0.417141 0.294197 0.608148 0.508665 0.857857 0.114057 0.238199 0.727013 0.712701 0.746489 0.745576 0.944633 0.274398 0.0533837 0.607344 0.20982 0.0307971 0.278365 0.242276 0.609396 0.658308 0.848592 0.45228 0.111984 0.150049 0.0456459 0.833687 0.224236 0.0340589 0.238891 0.134682 
0.465327 0.614062 0.3766 0.718053 0.128705 0.430345 0.861185 0.165315 0.866122 0.0477913 0.999238 0.364559 0.645702 0.156614 0.5007 0.361492 0.0726278 0.382495 0.332044 0.699709 0.720004 0.337041 0.31807 0.0499612 0.977626 0.508943 0.345884 0.785292 0.707224 0.378673 0.332549 0.306184 
0.977704 0.14734 0.6748 0.431765 0.800483 0.306895 0.965 0.0929971 0.50424 0.190298 0.20363 0.888304 0.00425017 0.66462 0.670677 0.00227212 0.564748 0.982064 0.0283009 0.017495 0.249288 0.501019 0.114145 0.802392 0.630446 0.334412 0.879643 0.474143 0.351183 0.231485 0.735718 0.257798 
0.50049 0.656902 0.68127 0.522316 0.147633 0.966299 0.588169 0.180484 0.714598 0.055769 0.189462 0.99493 0.984103 0.616631 0.180478 0.330378 0.445335 0.952739 0.0945993 0.258647 0.294969 0.116034 0.553206 0.85593 0.539843 0.268871 0.528523 0.951716 0.586433 0.83768 0.615324 0.936137 
0.732737 0.355289 0.373648 0.761886 0.523994 0.193717 0.78132 0.302535 0.589254 0.0294502 0.68965 0.270672 0.468599 0.499101 0.733341 0.920869 0.770655 0.106902 0.701805 0.436876 0.07176 0.680033 0.509272 0.925619 0.0319681 0.888669 0.6911 0.718381 0.0479996 0.871385 0.241311 0.399471 
0.934108 0.136196 0.227569 0.145585 0.265378 0.328161 0.401369 0.125541 0.34212 0.52037 0.255507 0.649051 0.986151 0.739074 0.452113 0.77383 0.770516 0.537233 0.54441 0.0322191 0.39866 0.600775 0.0776216 0.735268 0.0273157 0.25685 0.598333 0.393957 0.75004 0.667292 0.160125 0.746017 
0.110682 0.0534825 0.505966 0.395969 0.107018 0.452556 0.899042 0.749326 0.0344946 0.77353 0.951851 0.700496 0.973645 0.894182 0.881688 0.83713 0.615311 0.790152 0.662182 0.857572 0.735647 0.612346 0.151753 0.244604 0.576221 0.0986006 0.319498 0.628795 0.348948 0.687006 0.31908 0.907993 
0.901067 0.535331 0.195991 0.062489 0.783991 0.119867 0.0224349 0.832735 0.261191 0.7801 0.401504 0.548349 0.737695 0.0733072 0.465183 0.886089 0.723187 0.431087 0.470254 0.986909 0.936141 0.93101 0.570799 0.801174 0.520397 0.913194 0.578844 0.195485 0.673372 0.0638227 0.595753 0.668895 
0.361981 0.781093 0.908253 0.857086 0.950107 0.761159 0.11984 0.70414 0.61882 0.814618 0.911222 0.783929 0.299497 0.671742 0.10578 0.658983 0.777356 0.708969 0.845779 0.475545 0.166309 0.167097 0.976478 0.799812 0.180681 0.917625 0.356222 0.896976 0.0666239 0.373427 0.240675 0.519379 
0.98367 0.00283478 0.5035 0.701528 0.136732 0.762728 0.738907 0.163696 0.43962 0.705178 0.63722 0.55819 0.598487 0.057363 0.137998 0.359118 0.978332 0.83391 0.733254 0.371843 0.861649 0.357451 0.39775 0.769076 0.169248 0.894032 0.24759 0.567119 0.801128 0.613817 0.192264 0.905506 
0.674781 0.652243 0.448924 0.551339 0.969192 0.297646 0.480901 0.0628964 0.633722 0.190345 0.948731 0.876547 0.875824 0.194141 0.15263 0.544657 0.540682 0.46866 0.440295 0.364226 0.581298 0.877374 0.394206 0.235553 0.496947 0.298198 0.838963 0.263122 0.39098 0.338068 0.212127 0.917725 
0.406464 0.844863 0.0154741 0.972317 0.708016 0.77562 0.706228 0.0168574 0.240311 0.142875 0.962488 0.682643 0.584053 0.650792 0.797875 0.332023 0.305949 0.423629 0.927413 0.779195 0.40077 0.0266666 0.226953 0.125493 0.602103 0.871179 0.2009 0.617486 0.345 0.518803 0.950239 0.743787 
0.162419 0.89688 0.763965 0.70154 0.563548 0.396838 0.212171 0.736749 0.342265 0.274763 0.742994 0.12265 0.456314 0.257271 0.812246 0.434926 0.600894 0.146117 0.238432 0.826058 0.43593 0.254581 0.633482 0.411151 0.826813 0.0287797 0.481338 0.979669 0.209163 0.495373 0.355065 0.128778 
0.384066 0.835306 0.0191853 0.347853 0.216069 0.932465 0.418496 0.290632 0.736306 0.957321 0.579826 0.986244 0.734269 0.245562 0.260966 0.0581023 0.106736 0.399607 0.266273 0.440575 0.291093 0.925612 0.686154 0.988187 0.621991 0.418317 0.904149 0.280669 0.34078 0.531932 0.206649 0.0471468 
0.286623 0.751559 0.442079 0.269011 0.451598 0.0874051 0.772502 0.542283 0.92979 0.948858 0.699805 0.568661 0.560506 0.604936 0.214943 0.184306 0.732644 0.559923 0.207148 0.970213 0.282213 0.942455 0.397886 0.556905 0.90309 0.436332 0.372364 0.389714 0.0721844 0.930253 0.333504 0.849022 
0.892949 0.95793 0.332596 0.3159 0.0654785 0.787633 0.129008 0.711042 0.294707 0.46387 0.0150231 0.567528 0.949703 0.679068 0.825068 0.432424 0.183512 0.0910013 0.984978 0.449969 0.996228 0.968939 0.166126 0.350436 0.185946 0.163218 0.314598 0.269761 0.397667 0.548909 0.498569 0.864634 
0.152278 0.700226 0.347896 0.949887 0.00491939 0.686036 0.917914 0.532761 0.918687 0.500656 0.42703 0.421375 0.518648 0.24526 0.304562 0.790885 0.472001 0.686953 0.800963 0.868736 0.897113 0.824024 0.0338338 0.112629 0.165229 0.345765 0.0418537 0.452758 0.212064 0.981466 0.659533 0.333327 
0.0151786 0.1141 0.185034 0.96699 0.469785 0.93004 0.876155 0.26667 0.191916 0.88662 0.129679 0.116582 0.306022 0.113946 0.494276 0.314987 0.829116 0.384479 0.288824 0.741415 0.0111874 0.609154 0.582294 0.322411 0.270747 0.58092 0.67455 0.270206 0.682316 0.415692 0.19037 0.986874 
0.856581 0.875103 0.744813 0.882263 0.964986 0.0954427 0.26246 0.242328 0.0175098 0.643967 0.414098 0.225243 0.409229 0.42447 0.606058 0.946483 0.0421375 0.323518 0.160266 0.157669 0.272048 0.393186 0.333567 0.563528 0.0143493 0.99198 0.931375 0.274461 0.504129 0.940087 0.970507 0.849323 
0.208604 0.363364 0.879592 0.383933 0.605724 0.78177 0.0787296 0.134966 0.675355 0.519619 0.0552891 0.346322 0.00752449 0.648132 0.115877 0.0283837 0.979299 0.685297 0.507947 0.204676 0.795173 0.285707 0.93751 0.318257 0.312219 0.460344 0.693371 0.038654 0.481158 0.199883 0.208402 0.238794 
0.814097 0.724687 0.283069 0.52908 0.463517 0.109239 0.0122159 0.189723 0.857006 0.240373 0.145468 0.961329 0.472244 0.267459 0.485549 0.390442 0.810994 0.389116 0.604685 0.883072 0.698551 0.223604 0.274349 0.00535367 0.138414 0.91404 0.442494 0.631724 0.691357 0.282265 0.252722 0.480216 
0.662982 0.533534 0.383568 0.310483 0.364996 0.0570884 0.752404 0.0541244 0.547715 0.396525 0.902861 0.36557 0.700542 0.320965 0.322177 0.487008 0.192233 0.163299 0.127161 0.273685 0.0351218 0.157332 0.781715 0.0220072 0.589229 0.120475 0.827445 0.83523 0.993827 0.609081 0.514706 0.806309 
0.962005 0.096965 0.966968 0.294246 0.293063 0.00215275 0.959428 0.819728 0.211299 0.726671 0.965127 0.756101 0.205964 0.228467 0.659073 0.477169 0.656235 0.310481 0.429676 0.740786 0.785182 0.541735 0.0646314 0.213051 0.359004 0.194444 0.239911 0.312023 0.187234 0.176451 0.0321612 0.213232 
0.478765 0.526743 0.292846 0.995633 0.620959 0.241758 0.941613 0.0407968 0.528598 0.994528 0.252503 0.589182 0.536453 0.884022 0.246685 0.986563 0.83818 0.612639 0.295219 0.905881 0.722242 0.578038 0.638592 0.0626648 0.628344 0.735265 0.573305 0.180662 0.793441 0.38027 0.893388 0.636293 
0.96289 0.753872 0.05363 0.239511 0.522307 0.442964 0.87543 0.850588 0.118341 0.205906 0.355183 0.918445 0.43125 0.124799 0.776823 0.613006 0.491123 0.579275 0.306746 0.0984791 0.649091 0.115764 0.839429 0.138945 0.18496 0.0368525 0.438467 0.142561 0.780495 0.120916 0.726844 0.165167 
0.704978 0.052849 0.146412 0.0933485 0.826362 0.0494177 0.164509 0.515782 0.43786 0.102109 0.420878 0.697114 0.448448 0.435916 0.316618 0.533748 0.250452 0.117864 0.066709 0.0508064 0.401951 0.176254 0.876837 0.812377 0.0235293 0.514951 0.489904 0.756835 0.107961 0.633969 0.118626 0.575817 
0.863202 0.470297 0.493774 0.341561 0.491765 0.778617 0.105635 0.303674 0.449014 0.646054 0.150212 0.995317 0.227775 0.138927 0.0719082 0.909872 0.259784 0.250235 0.246525 0.945499 0.0953208 0.709641 0.304113 0.695354 0.750967 0.0765288 0.26953 0.58666 0.575049 0.771321 0.72018 0.799312 
0.750889 0.748906 0.344697 0.574067 0.518721 0.810351 0.177907 0.0860786 0.0532425 0.196308 0.268587 0.558893 0.908409 0.299842 0.348022 0.0508942 0.219354 0.0039159 0.740802 0.233142 0.780136 0.83234 0.144635 0.818228 0.217944 0.477535 0.673066 0.549264 0.531903 0.235233 0.58617 0.509684 
0.830125 0.0672403 0.0670006 0.841178 0.673412 0.869121 0.108875 0.325192 0.401796 0.691404 0.468968 0.154806 0.713541 0.392033 0.735281 0.459568 0.927646 0.90563 0.393662 0.434873 0.770971 0.489371 0.430562 0.0368275 0.672842 0.899874 0.717858 0.0957843 0.25944 0.536416 0.170039 0.208601 
0.273686 0.214203 0.113399 0.126515 0.736129 0.187881 0.930451 0.504092 0.544016 0.175628 0.828489 0.701648 0.398729 0.669393 0.560274 0.320889 0.964619 0.0596516 0.1822 0.577289 0.313042 0.357938 0.153143 0.555021 0.0340175 0.670645 0.749167 0.634404 0.0872122 0.407172 0.0667509 0.753387 
0.547158 0.755292 0.955878 0.847505 0.118164 0.298386 0.1785 0.138441 0.672109 0.532704 0.759784 0.518577 0.160583 0.172107 0.993417 0.962783 0.733795 0.467573 0.0390232 0.276398 0.491663 0.588837 0.694579 0.73192 0.524423 0.5055 0.0102533 0.716722 0.580007 0.237648 0.298605 0.95313 
0.288064 0.372957 0.0826607 0.769581 0.622173 0.935676 0.168694 0.299031 0.914342 0.296766 0.62922 0.438845 0.286338 0.425239 0.0756448 0.0598563 0.769383 0.723202 0.751571 0.879031 0.268062 0.532966 0.0627837 0.494459 0.751951 0.101304 0.000796414 0.847211 0.718791 0.857574 0.883519 0.711515 
